90741.0 90741.0 176.5 0.0 1539.5
90742.0 90741.5 94.0 0.1 1576.3
90741.0 90741.3 64.6 0.0 1607.7
90746.0 90742.5 49.9 1.2 1631.0
90734.0 90740.7 41.6 -1.6 1643.7
90743.0 90741.1 36.7 -0.7 1643.7
90736.0 90740.2 33.7 -3.1 1629.6
90727.0 90738.1 32.1 -10.2 1600.9
90751.0 90739.9 31.2 -2.5 1558.5
90754.0 90742.1 30.9 6.5 1504.0
90777.0 90747.6 30.9 29.6 1440.0
90734.0 90746.0 31.1 19.9 1369.4
90741.0 90745.5 31.3 16.2 1295.3
90748.0 90746.2 31.5 17.7 1220.6
90732.0 90744.2 31.6 7.6 1147.5
90749.0 90745.1 31.6 10.8 1078.0
90773.0 90749.7 31.6 29.1 1013.3
90751.0 90750.4 31.4 29.6 954.0
90740.0 90749.3 31.2 22.7 900.5
90747.0 90749.3 30.9 21.0 852.8
90750.0 90749.8 30.6 21.2 810.8
90762.0 90752.0 30.3 27.9 774.0
90737.0 90750.2 29.9 19.4 742.1
90744.0 90749.6 29.5 15.8 714.7
90743.0 90748.9 29.1 12.2 691.1
90746.0 90748.7 28.7 10.6 671.1
90757.0 90750.1 28.4 14.6 654.1
90735.0 90748.2 28.0 7.1 639.9
90759.0 90749.8 27.7 12.2 628.0
90734.0 90747.9 27.4 4.7 618.0
90749.0 90748.1 27.1 5.2 609.9
90742.0 90747.4 26.8 2.4 603.2
90751.0 90747.9 26.6 4.0 597.7
90741.0 90747.0 26.4 0.9 593.3
90750.0 90747.4 26.2 2.2 589.8
90743.0 90746.9 26.0 0.3 587.1
90742.0 90746.3 25.9 -1.8 585.0
90730.0 90744.2 25.7 -8.7 583.3
90751.0 90744.9 25.6 -5.8 582.1
90736.0 90743.6 25.5 -9.5 581.2
90722.0 90740.7 25.4 -18.5 580.5
90755.0 90742.2 25.4 -12.4 580.1
90745.0 90742.4 25.3 -11.1 579.8
90756.0 90743.9 25.2 -5.3 579.6
90718.0 90740.5 25.2 -16.1 579.5
90769.0 90743.8 25.2 -4.0 579.5
90748.0 90744.3 25.1 -2.2 579.4
90739.0 90743.6 25.1 -4.4 579.5
90758.0 90745.3 25.1 1.6 579.5
90760.0 90747.2 25.1 7.8 579.5
90716.0 90743.4 25.1 -5.3 579.5
90762.0 90745.6 25.1 2.5 579.5
90740.0 90745.0 25.1 0.1 579.5
90752.0 90745.9 25.0 3.0 579.5
90739.0 90745.1 25.0 0.1 579.5
90761.0 90747.1 25.0 6.8 579.5
90749.0 90747.4 25.0 7.6 579.4
90767.0 90750.0 25.0 15.7 579.4
90759.0 90751.4 25.0 19.3 579.3
90734.0 90749.6 25.0 11.9 579.3
90751.0 90749.9 25.0 12.4 579.2
90772.0 90752.9 25.0 21.5 579.1
90743.0 90752.1 25.0 17.2 579.1
90746.0 90751.6 25.0 14.5 579.0
90750.0 90751.6 25.0 13.7 579.0
90744.0 90750.9 25.0 10.4 578.9
90753.0 90751.4 25.0 11.2 578.9
90746.0 90750.9 25.0 8.9 578.8
90744.0 90750.2 25.0 5.9 578.8
90745.0 90749.6 25.0 3.7 578.7
90742.0 90748.8 25.0 0.4 578.7
90749.0 90748.8 25.0 0.5 578.7
90746.0 90748.4 25.0 -0.6 578.6
90736.0 90746.9 25.0 -5.8 578.6
90752.0 90747.4 25.0 -3.6 578.6
90750.0 90747.7 25.0 -2.5 578.6
90750.0 90747.9 25.0 -1.5 578.5
90784.0 90752.4 25.0 13.6 578.5
90771.0 90755.0 25.0 21.2 578.5
90727.0 90751.8 25.0 9.3 578.5
90746.0 90751.3 25.0 6.8 578.5
90765.0 90753.1 25.0 12.5 578.5
90767.0 90755.1 25.0 18.2 578.5
90743.0 90753.9 25.0 13.0 578.5
90758.0 90754.6 25.0 14.6 578.5
90729.0 90751.7 25.0 3.8 578.5
90749.0 90751.4 25.0 2.6 578.5
90752.0 90751.5 25.0 2.9 578.5
90748.0 90751.1 25.0 1.4 578.5
90768.0 90753.3 25.0 8.4 578.5
90738.0 90751.5 25.0 1.9 578.5
90748.0 90751.1 25.0 0.5 578.5
90740.0 90749.7 25.0 -4.2 578.5
90731.0 90747.3 25.0 -12.0 578.5
90744.0 90746.7 25.0 -13.3 578.5
90751.0 90747.0 25.0 -11.4 578.5
90766.0 90749.2 25.0 -3.3 578.5
90766.0 90751.2 25.0 3.8 578.5
90767.0 90753.3 25.0 10.3 578.5
90758.0 90754.0 25.0 12.2 578.5
90758.0 90754.8 25.0 13.8 578.5
90772.0 90757.1 25.0 20.9 578.5
90796.0 90762.4 25.0 37.0 578.5
90758.0 90762.5 25.0 34.8 578.5
90734.0 90759.5 25.0 22.6 578.5
90756.0 90759.5 25.0 21.0 578.5
90744.0 90757.9 25.0 14.3 578.5
90769.0 90759.5 25.0 18.8 578.5
90757.0 90759.6 25.0 17.6 578.5
90748.0 90758.4 25.0 12.6 578.5
90778.0 90761.1 25.0 20.7 578.5
90752.0 90760.3 25.0 16.7 578.5
90779.0 90762.9 25.0 24.4 578.5
90764.0 90763.5 25.0 24.7 578.5
90733.0 90760.1 25.0 11.7 578.5
90753.0 90759.4 25.0 8.6 578.5
90753.0 90758.8 25.0 5.8 578.5
90760.0 90759.0 25.0 6.3 578.5
90737.0 90756.4 25.0 -3.0 578.5
90753.0 90755.9 25.0 -4.3 578.5
90760.0 90756.3 25.0 -2.6 578.5
90742.0 90754.5 25.0 -8.6 578.5
90751.0 90753.9 25.0 -10.0 578.5
90762.0 90754.8 25.0 -6.5 578.5
90750.0 90754.0 25.0 -8.4 578.5
90767.0 90755.5 25.0 -2.9 578.5
90780.0 90758.5 25.0 7.3 578.5
90756.0 90758.3 25.0 6.2 578.5
90740.0 90756.1 25.0 -1.5 578.5
90769.0 90757.7 25.0 3.9 578.5
90763.0 90758.5 25.0 6.1 578.5
90753.0 90757.9 25.0 3.7 578.5
90759.0 90758.1 25.0 4.2 578.5
90754.0 90757.7 25.0 2.4 578.5
90764.0 90758.5 25.0 5.1 578.5
90755.0 90758.1 25.0 3.5 578.5
90736.0 90755.4 25.0 -5.7 578.5
90757.0 90755.5 25.0 -5.0 578.5
90754.0 90755.2 25.0 -5.6 578.5
90744.0 90753.7 25.0 -10.3 578.5
90758.0 90754.1 25.0 -8.4 578.5
90735.0 90751.6 25.0 -16.3 578.5
90762.0 90752.6 25.0 -11.8 578.5
90740.0 90750.8 25.0 -17.0 578.5
90771.0 90753.0 25.0 -8.4 578.5
90764.0 90754.2 25.0 -3.7 578.5
90769.0 90756.0 25.0 2.5 578.5
90742.0 90754.3 25.0 -3.4 578.5
90733.0 90751.6 25.0 -12.3 578.5
90766.0 90753.2 25.0 -6.2 578.5
90761.0 90754.0 25.0 -2.8 578.5
90751.0 90753.6 25.0 -4.1 578.5
90747.0 90752.7 25.0 -6.8 578.5
90775.0 90755.4 25.0 2.5 578.5
90762.0 90756.3 25.0 5.3 578.5
90722.0 90752.1 25.0 -9.1 578.5
90769.0 90754.0 25.0 -1.9 578.5
90756.0 90754.2 25.0 -1.1 578.5
90767.0 90755.8 25.0 4.3 578.5
90761.0 90756.5 25.0 6.4 578.5
90739.0 90754.5 25.0 -1.0 578.5
90756.0 90754.6 25.0 -0.3 578.5
90750.0 90754.0 25.0 -2.3 578.5
90756.0 90754.2 25.0 -1.4 578.5
90761.0 90755.1 25.0 1.4 578.5
90756.0 90755.2 25.0 1.8 578.5
90749.0 90754.5 25.0 -0.8 578.5
90756.0 90754.6 25.0 -0.2 578.5
90751.0 90754.2 25.0 -1.7 578.5
90758.0 90754.6 25.0 -0.1 578.5
90755.0 90754.7 25.0 0.1 578.5
90740.0 90752.9 25.0 -6.1 578.5
90746.0 90751.9 25.0 -8.9 578.5
90785.0 90755.9 25.0 5.0 578.5
90750.0 90755.2 25.0 2.5 578.5
90746.0 90754.1 25.0 -1.3 578.5
90732.0 90751.3 25.0 -10.6 578.5
90755.0 90751.6 25.0 -8.9 578.5
90738.0 90749.7 25.0 -14.6 578.5
90745.0 90748.9 25.0 -16.4 578.5
90771.0 90751.4 25.0 -7.0 578.5
90759.0 90752.2 25.0 -3.8 578.5
90773.0 90754.7 25.0 4.9 578.5
90768.0 90756.5 25.0 10.5 578.5
90761.0 90757.2 25.0 12.3 578.5
90751.0 90756.7 25.0 9.5 578.5
90761.0 90757.4 25.0 11.3 578.5
90760.0 90757.9 25.0 12.3 578.5
90775.0 90760.2 25.0 19.3 578.5
90749.0 90759.2 25.0 14.5 578.5
90733.0 90756.2 25.0 3.4 578.5
90754.0 90756.0 25.0 2.5 578.5
90744.0 90754.5 25.0 -2.6 578.5
90746.0 90753.4 25.0 -6.1 578.5
90749.0 90752.7 25.0 -7.9 578.5
90754.0 90752.8 25.0 -7.3 578.5
90727.0 90749.4 25.0 -18.0 578.5
90775.0 90752.3 25.0 -7.1 578.5
90768.0 90754.1 25.0 -0.5 578.5
90761.0 90755.0 25.0 2.4 578.5
90773.0 90757.3 25.0 9.9 578.5
90742.0 90755.5 25.0 3.4 578.5
90747.0 90754.5 25.0 -0.2 578.5
90737.0 90752.3 25.0 -7.5 578.5
90772.0 90754.7 25.0 0.7 578.5
90757.0 90755.0 25.0 1.7 578.5
90737.0 90752.8 25.0 -5.8 578.5
90728.0 90749.5 25.0 -16.1 578.5
90766.0 90751.3 25.0 -9.1 578.5
90747.0 90750.6 25.0 -10.8 578.5
90759.0 90751.5 25.0 -7.2 578.5
90745.0 90750.5 25.0 -9.9 578.5
90755.0 90750.9 25.0 -7.9 578.5
90729.0 90748.0 25.0 -17.1 578.5
90762.0 90749.5 25.0 -11.1 578.5
90765.0 90751.2 25.0 -4.5 578.5
90733.0 90748.9 25.0 -12.1 578.5
90764.0 90750.6 25.0 -5.7 578.5
90727.0 90747.5 25.0 -15.5 578.5
90721.0 90743.9 25.0 -26.4 578.5
90742.0 90743.2 25.0 -27.0 578.5
90758.0 90744.6 25.0 -20.6 578.5
90731.0 90742.5 25.0 -26.1 578.5
90766.0 90745.0 25.0 -16.1 578.5
90771.0 90748.0 25.0 -5.1 578.5
90751.0 90748.3 25.0 -3.8 578.5
90748.0 90748.2 25.0 -3.8 578.5
90737.0 90746.7 25.0 -8.5 578.5
90737.0 90745.3 25.0 -12.5 578.5
90736.0 90743.9 25.0 -16.3 578.5
90743.0 90743.5 25.0 -16.5 578.5
90737.0 90742.4 25.0 -19.1 578.5
90737.0 90741.4 25.0 -21.2 578.5
90767.0 90744.2 25.0 -10.4 578.5
90777.0 90748.2 25.0 3.4 578.5
90767.0 90750.6 25.0 11.3 578.5
90749.0 90750.6 25.0 10.5 578.5
90746.0 90750.2 25.0 8.5 578.5
90756.0 90751.1 25.0 10.9 578.5
90756.0 90751.9 25.0 12.8 578.5
90742.0 90750.9 25.0 8.6 578.5
90760.0 90752.2 25.0 12.4 578.5
90737.0 90750.5 25.0 5.9 578.5
90722.0 90747.0 25.0 -6.1 578.5
90751.0 90747.4 25.0 -4.3 578.5
90732.0 90745.4 25.0 -10.8 578.5
90746.0 90745.3 25.0 -10.4 578.5
90756.0 90746.4 25.0 -5.8 578.5
90745.0 90746.2 25.0 -6.4 578.5
90739.0 90745.2 25.0 -9.3 578.5
90755.0 90746.2 25.0 -5.2 578.5
90745.0 90746.0 25.0 -5.6 578.5
90753.0 90746.8 25.0 -2.6 578.5
90754.0 90747.6 25.0 0.4 578.5
90760.0 90749.2 25.0 5.6 578.5
90775.0 90752.5 25.0 16.3 578.5
90748.0 90752.2 25.0 14.3 578.5
90754.0 90752.7 25.0 14.9 578.5
90749.0 90752.5 25.0 13.3 578.5
90738.0 90750.9 25.0 7.1 578.5
90759.0 90752.1 25.0 10.4 578.5
90767.0 90754.1 25.0 16.6 578.5
90757.0 90754.8 25.0 17.6 578.5
90739.0 90753.1 25.0 10.9 578.5
90754.0 90753.4 25.0 11.2 578.5
90746.0 90752.7 25.0 8.0 578.5
90775.0 90755.6 25.0 17.3 578.5
90733.0 90753.1 25.0 7.7 578.5
90740.0 90751.6 25.0 2.1 578.5
90777.0 90754.8 25.0 12.8 578.5
90755.0 90755.0 25.0 12.7 578.5
90761.0 90756.0 25.0 15.1 578.5
90742.0 90754.5 25.0 9.1 578.5
90753.0 90754.5 25.0 8.4 578.5
90740.0 90752.8 25.0 2.3 578.5
90773.0 90755.4 25.0 10.7 578.5
90750.0 90754.9 25.0 8.4 578.5
90713.0 90749.8 25.0 -9.2 578.5
90747.0 90749.3 25.0 -10.3 578.5
90747.0 90748.8 25.0 -11.2 578.5
90761.0 90750.1 25.0 -6.0 578.5
90785.0 90754.4 25.0 8.6 578.5
90758.0 90755.0 25.0 10.1 578.5
90753.0 90754.9 25.0 9.1 578.5
90775.0 90757.6 25.0 17.4 578.5
90769.0 90759.3 25.0 22.1 578.5
90758.0 90759.6 25.0 21.3 578.5
90746.0 90758.2 25.0 15.5 578.5
90741.0 90756.4 25.0 8.1 578.5
90756.0 90756.5 25.0 7.9 578.5
90739.0 90754.4 25.0 0.5 578.5
90747.0 90753.5 25.0 -2.6 578.5
90743.0 90752.1 25.0 -6.9 578.5
90755.0 90752.4 25.0 -5.7 578.5
90768.0 90754.2 25.0 0.9 578.5
90756.0 90754.5 25.0 1.7 578.5
90774.0 90756.9 25.0 9.8 578.5
90762.0 90757.7 25.0 11.9 578.5
90733.0 90754.8 25.0 1.4 578.5
90764.0 90756.0 25.0 5.2 578.5
90748.0 90755.1 25.0 1.9 578.5
90744.0 90753.8 25.0 -2.8 578.5
90755.0 90753.9 25.0 -2.3 578.5
90770.0 90755.8 25.0 4.5 578.5
90783.0 90759.3 25.0 15.8 578.5
90798.0 90764.4 25.0 31.9 578.5
90816.0 90771.5 25.0 53.2 578.5
90792.0 90775.0 25.0 61.3 578.5
90799.0 90779.0 25.0 70.9 578.5
90800.0 90782.9 25.0 79.0 578.5
90806.0 90787.2 25.0 88.0 578.5
90810.0 90791.6 25.0 96.9 578.5
90818.0 90796.6 25.0 107.1 578.5
90830.0 90802.6 25.0 120.2 578.5
90808.0 90805.4 25.0 121.4 578.5
90826.0 90810.1 25.0 129.0 578.5
90816.0 90813.1 25.0 130.4 578.5
90857.0 90820.9 25.0 147.7 578.5
90815.0 90822.7 25.0 144.0 578.5
90846.0 90828.2 25.0 152.5 578.5
90831.0 90831.2 25.0 152.4 578.5
90825.0 90833.1 25.0 148.6 578.5
90856.0 90838.5 25.0 156.9 578.5
90874.0 90845.7 25.0 170.4 578.5
90882.0 90853.2 25.0 184.2 578.5
90860.0 90857.3 25.0 185.5 578.5
90851.0 90859.8 25.0 181.3 578.5
90877.0 90865.1 25.0 187.0 578.5
90857.0 90867.4 25.0 182.0 578.5
90857.0 90869.2 25.0 176.2 578.5
90866.0 90871.9 25.0 173.3 578.5
90873.0 90875.1 25.0 172.3 578.5
90889.0 90879.9 25.0 176.7 578.5
90872.0 90882.0 25.0 171.9 578.5
90898.0 90887.0 25.0 177.2 578.5
90887.0 90890.1 25.0 175.7 578.5
90868.0 90890.4 25.0 165.0 578.5
90899.0 90894.4 25.0 167.2 578.5
90897.0 90897.6 25.0 167.0 578.5
90886.0 90899.1 25.0 160.7 578.5
90902.0 90902.2 25.0 160.6 578.5
90878.0 90902.0 25.0 149.1 578.5
90894.0 90903.6 25.0 144.5 578.5
90886.0 90904.0 25.0 135.9 578.5
90886.0 90904.1 25.0 127.3 578.5
90899.0 90905.7 25.0 124.1 578.5
90908.0 90908.1 25.0 124.0 578.5
90893.0 90908.4 25.0 116.6 578.5
90877.0 90906.5 25.0 102.5 578.5
90926.0 90910.8 25.0 109.8 578.5
90922.0 90914.1 25.0 113.6 578.5
90900.0 90914.3 25.0 106.7 578.5
90909.0 90915.5 25.0 103.6 578.5
90921.0 90918.0 25.0 105.1 578.5
90942.0 90922.9 25.0 114.2 578.5
90938.0 90926.7 25.0 119.6 578.5
90890.0 90924.2 25.0 103.2 578.5
90924.0 90926.0 25.0 102.3 578.5
90898.0 90924.3 25.0 89.7 578.5
90896.0 90922.3 25.0 77.1 578.5
90902.0 90921.1 25.0 68.0 578.5
90904.0 90920.2 25.0 60.2 578.5
90926.0 90922.0 25.0 62.2 578.5
90919.0 90922.7 25.0 60.4 578.5
90919.0 90923.3 25.0 58.4 578.5
90908.0 90922.4 25.0 51.5 578.5
90902.0 90920.7 25.0 42.5 578.5
90937.0 90923.5 25.0 49.0 578.5
90936.0 90925.9 25.0 53.8 578.5
90921.0 90926.3 25.0 51.3 578.5
90918.0 90926.1 25.0 47.4 578.5
90883.0 90921.5 25.0 29.0 578.5
90894.0 90918.6 25.0 17.2 578.5
90919.0 90919.0 25.0 17.2 578.5
90918.0 90919.1 25.0 16.7 578.5
90904.0 90917.5 25.0 10.2 578.5
90926.0 90918.8 25.0 13.7 578.5
90904.0 90917.2 25.0 7.4 578.5
90909.0 90916.3 25.0 3.9 578.5
90883.0 90912.2 25.0 -10.0 578.5
90896.0 90910.0 25.0 -16.7 578.5
90910.0 90909.7 25.0 -16.6 578.5
90887.0 90906.6 25.0 -25.9 578.5
90917.0 90907.4 25.0 -21.3 578.5
90902.0 90906.4 25.0 -23.4 578.5
90905.0 90905.8 25.0 -23.8 578.5
90914.0 90906.4 25.0 -20.1 578.5
90902.0 90905.5 25.0 -21.8 578.5
90896.0 90903.9 25.0 -25.6 578.5
90891.0 90901.8 25.0 -30.8 578.5
90884.0 90899.1 25.0 -38.0 578.5
90886.0 90896.8 25.0 -43.1 578.5
90895.0 90895.8 25.0 -43.5 578.5
90908.0 90896.6 25.0 -38.0 578.5
90870.0 90892.6 25.0 -48.8 578.5
90886.0 90890.9 25.0 -51.2 578.5
90871.0 90887.5 25.0 -59.1 578.5
90911.0 90889.4 25.0 -48.8 578.5
90904.0 90890.4 25.0 -42.3 578.5
90895.0 90890.2 25.0 -40.0 578.5
90890.0 90889.5 25.0 -39.7 578.5
90888.0 90888.6 25.0 -40.0 578.5
90864.0 90884.8 25.0 -50.0 578.5
90884.0 90883.9 25.0 -49.9 578.5
90876.0 90882.0 25.0 -52.8 578.5
90878.0 90880.6 25.0 -54.0 578.5
90893.0 90881.2 25.0 -48.4 578.5
90874.0 90879.4 25.0 -51.0 578.5
90855.0 90875.5 25.0 -60.8 578.5
90870.0 90873.7 25.0 -62.6 578.5
90866.0 90871.7 25.0 -65.3 578.5
90848.0 90867.6 25.0 -74.6 578.5
90851.0 90864.2 25.0 -80.9 578.5
90859.0 90862.1 25.0 -82.4 578.5
90842.0 90858.2 25.0 -90.2 578.5
90855.0 90856.2 25.0 -90.7 578.5
90818.0 90849.8 25.0 -105.9 578.5
90805.0 90842.4 25.0 -123.8 578.5
90814.0 90836.6 25.0 -134.6 578.5
90834.0 90834.0 25.0 -134.6 578.5
90816.0 90829.4 25.0 -141.0 578.5
90827.0 90826.6 25.0 -140.8 578.5
90817.0 90822.9 25.0 -143.6 578.5
90845.0 90823.2 25.0 -133.2 578.5
90784.0 90815.9 25.0 -148.5 578.5
90795.0 90810.7 25.0 -156.0 578.5
90797.0 90806.3 25.0 -160.4 578.5
90791.0 90801.6 25.0 -165.5 578.5
90807.0 90799.3 25.0 -161.8 578.5
90788.0 90795.1 25.0 -165.2 578.5
90774.0 90789.6 25.0 -172.6 578.5
90777.0 90785.0 25.0 -176.5 578.5
90782.0 90781.5 25.0 -176.2 578.5
90777.0 90777.9 25.0 -176.6 578.5
90783.0 90775.4 25.0 -173.0 578.5
90786.0 90773.7 25.0 -167.1 578.5
90774.0 90770.8 25.0 -165.6 578.5
90779.0 90768.9 25.0 -160.8 578.5
90762.0 90765.3 25.0 -162.4 578.5
90781.0 90764.4 25.0 -154.4 578.5
90778.0 90763.4 25.0 -147.4 578.5
90787.0 90763.8 25.0 -136.3 578.5
90764.0 90761.4 25.0 -135.1 578.5
90760.0 90758.9 25.0 -134.5 578.5
90754.0 90755.9 25.0 -135.5 578.5
90756.0 90753.5 25.0 -134.3 578.5
90759.0 90751.9 25.0 -130.9 578.5
90756.0 90750.1 25.0 -128.1 578.5
90728.0 90745.1 25.0 -136.2 578.5
90764.0 90745.1 25.0 -127.2 578.5
90750.0 90743.5 25.0 -124.1 578.5
90753.0 90742.5 25.0 -119.0 578.5
90763.0 90743.0 25.0 -109.5 578.5
90742.0 90740.9 25.0 -109.0 578.5
90732.0 90737.9 25.0 -111.8 578.5
90754.0 90738.0 25.0 -104.1 578.5
90758.0 90738.7 25.0 -94.9 578.5
90760.0 90739.7 25.0 -85.1 578.5
90726.0 90736.5 25.0 -90.1 578.5
90746.0 90736.1 25.0 -85.4 578.5
90758.0 90737.3 25.0 -75.5 578.5
90771.0 90740.2 25.0 -60.8 578.5
90766.0 90742.4 25.0 -49.5 578.5
90748.0 90742.2 25.0 -46.7 578.5
90766.0 90744.4 25.0 -36.4 578.5
90765.0 90746.3 25.0 -27.5 578.5
90742.0 90745.3 25.0 -29.1 578.5
90756.0 90746.1 25.0 -24.3 578.5
90754.0 90746.7 25.0 -20.8 578.5
90755.0 90747.4 25.0 -17.2 578.5
90764.0 90749.2 25.0 -10.1 578.5
90744.0 90748.3 25.0 -12.2 578.5
90757.0 90749.2 25.0 -8.5 578.5
90771.0 90751.8 25.0 0.7 578.5
90768.0 90753.8 25.0 7.5 578.5
90753.0 90753.9 25.0 7.1 578.5
90773.0 90756.4 25.0 15.0 578.5
90777.0 90759.2 25.0 23.5 578.5
90762.0 90760.0 25.0 24.5 578.5
90775.0 90762.3 25.0 30.6 578.5
90795.0 90766.9 25.0 44.0 578.5
90792.0 90770.8 25.0 54.1 578.5
90794.0 90774.7 25.0 63.4 578.5
90769.0 90775.1 25.0 60.5 578.5
90788.0 90777.8 25.0 65.4 578.5
90788.0 90780.2 25.0 69.1 578.5
90783.0 90781.7 25.0 69.7 578.5
90792.0 90784.2 25.0 73.4 578.5
90775.0 90784.4 25.0 68.9 578.5
90816.0 90789.5 25.0 81.6 578.5
90814.0 90794.0 25.0 91.1 578.5
90800.0 90796.4 25.0 92.9 578.5
90812.0 90800.0 25.0 98.6 578.5
90805.0 90802.3 25.0 99.9 578.5
90828.0 90807.3 25.0 109.8 578.5
90810.0 90809.5 25.0 110.0 578.5
90817.0 90812.4 25.0 112.2 578.5
90828.0 90816.3 25.0 117.8 578.5
90833.0 90820.5 25.0 123.8 578.5
90807.0 90821.0 25.0 117.2 578.5
90827.0 90823.8 25.0 118.7 578.5
90840.0 90827.9 25.0 124.5 578.5
90841.0 90831.7 25.0 129.0 578.5
90836.0 90834.5 25.0 129.7 578.5
90808.0 90833.4 25.0 117.5 578.5
90815.0 90833.2 25.0 108.8 578.5
90836.0 90835.4 25.0 109.1 578.5
90822.0 90835.7 25.0 102.6 578.5
90825.0 90836.1 25.0 97.2 578.5
90857.0 90840.4 25.0 105.1 578.5
90818.0 90839.5 25.0 94.9 578.5
90825.0 90839.3 25.0 88.0 578.5
90845.0 90841.6 25.0 89.7 578.5
90838.0 90842.7 25.0 87.4 578.5
90867.0 90847.3 25.0 96.8 578.5
90838.0 90847.8 25.0 92.2 578.5
90848.0 90849.4 25.0 91.5 578.5
90838.0 90849.6 25.0 85.9 578.5
90830.0 90848.7 25.0 77.0 578.5
90856.0 90850.9 25.0 79.4 578.5
90871.0 90854.8 25.0 87.2 578.5
90847.0 90855.4 25.0 83.2 578.5
90836.0 90854.4 25.0 74.4 578.5
90840.0 90853.9 25.0 67.7 578.5
90855.0 90855.2 25.0 67.6 578.5
90837.0 90854.1 25.0 59.4 578.5
90874.0 90857.6 25.0 67.2 578.5
90876.0 90861.1 25.0 74.4 578.5
90830.0 90858.5 25.0 60.7 578.5
90850.0 90858.5 25.0 56.7 578.5
90891.0 90863.6 25.0 69.8 578.5
90867.0 90865.2 25.0 70.6 578.5
90827.0 90861.7 25.0 54.0 578.5
90843.0 90860.3 25.0 45.8 578.5
90865.0 90861.7 25.0 47.4 578.5
90826.0 90858.0 25.0 32.0 578.5
90825.0 90854.5 25.0 18.0 578.5
90846.0 90853.7 25.0 14.3 578.5
90854.0 90854.0 25.0 14.3 578.5
90830.0 90851.3 25.0 4.1 578.5
90868.0 90853.4 25.0 11.1 578.5
90847.0 90852.8 25.0 8.3 578.5
90843.0 90851.7 25.0 4.1 578.5
90854.0 90852.1 25.0 5.0 578.5
90864.0 90853.7 25.0 10.0 578.5
90849.0 90853.3 25.0 7.9 578.5
90851.0 90853.1 25.0 6.9 578.5
90863.0 90854.5 25.0 11.0 578.5
90870.0 90856.6 25.0 17.4 578.5
90857.0 90857.0 25.0 17.4 578.5
90844.0 90855.6 25.0 11.9 578.5
90845.0 90854.5 25.0 7.3 578.5
90817.0 90850.0 25.0 -8.4 578.5
90838.0 90848.3 25.0 -13.4 578.5
90856.0 90849.0 25.0 -10.0 578.5
90849.0 90848.9 25.0 -10.0 578.5
90833.0 90846.7 25.0 -16.5 578.5
90814.0 90842.3 25.0 -30.1 578.5
90863.0 90844.4 25.0 -21.2 578.5
90839.0 90843.3 25.0 -23.2 578.5
90866.0 90845.8 25.0 -13.6 578.5
90853.0 90846.4 25.0 -10.4 578.5
90843.0 90845.8 25.0 -11.8 578.5
90847.0 90845.8 25.0 -11.2 578.5
90827.0 90843.2 25.0 -18.9 578.5
90824.0 90840.5 25.0 -26.8 578.5
90845.0 90840.6 25.0 -24.7 578.5
90853.0 90841.7 25.0 -19.3 578.5
90815.0 90838.0 25.0 -30.3 578.5
90850.0 90839.0 25.0 -25.0 578.5
90821.0 90836.3 25.0 -32.3 578.5
90836.0 90835.7 25.0 -32.2 578.5
90822.0 90833.4 25.0 -37.6 578.5
90832.0 90832.6 25.0 -37.9 578.5
90830.0 90831.6 25.0 -38.7 578.5
90851.0 90833.4 25.0 -30.2 578.5
90831.0 90832.5 25.0 -31.0 578.5
90830.0 90831.7 25.0 -31.8 578.5
90822.0 90829.9 25.0 -35.6 578.5
90848.0 90831.5 25.0 -27.7 578.5
90820.0 90829.6 25.0 -32.3 578.5
90805.0 90826.0 25.0 -42.3 578.5
90823.0 90824.9 25.0 -43.2 578.5
90835.0 90825.4 25.0 -38.6 578.5
90839.0 90826.4 25.0 -32.6 578.5
90785.0 90820.6 25.0 -49.6 578.5
90808.0 90818.2 25.0 -54.5 578.5
90850.0 90821.2 25.0 -40.7 578.5
90824.0 90820.9 25.0 -39.2 578.5
90832.0 90821.6 25.0 -34.2 578.5
90840.0 90823.3 25.0 -26.3 578.5
90823.0 90822.8 25.0 -26.1 578.5
90823.0 90822.4 25.0 -25.8 578.5
90812.0 90820.6 25.0 -30.0 578.5
90816.0 90819.5 25.0 -31.6 578.5
90846.0 90822.3 25.0 -20.3 578.5
90822.0 90821.9 25.0 -20.2 578.5
90824.0 90821.8 25.0 -19.2 578.5
90814.0 90820.5 25.0 -22.3 578.5
90814.0 90819.3 25.0 -24.8 578.5
90810.0 90817.7 25.0 -28.5 578.5
90825.0 90818.1 25.0 -25.2 578.5
90817.0 90817.5 25.0 -25.4 578.5
90827.0 90818.3 25.0 -21.2 578.5
90851.0 90822.0 25.0 -7.3 578.5
90812.0 90820.6 25.0 -11.5 578.5
90794.0 90817.1 25.0 -22.5 578.5
90811.0 90815.9 25.0 -24.8 578.5
90813.0 90815.1 25.0 -25.9 578.5
90820.0 90815.3 25.0 -23.6 578.5
90809.0 90814.1 25.0 -26.0 578.5
90816.0 90813.9 25.0 -25.0 578.5
90821.0 90814.3 25.0 -21.8 578.5
90795.0 90811.5 25.0 -29.7 578.5
90821.0 90812.2 25.0 -25.5 578.5
90825.0 90813.3 25.0 -19.9 578.5
90814.0 90813.1 25.0 -19.5 578.5
90816.0 90813.1 25.0 -18.1 578.5
90809.0 90812.3 25.0 -19.6 578.5
90826.0 90813.6 25.0 -13.7 578.5
90821.0 90814.3 25.0 -10.6 578.5
90800.0 90812.4 25.0 -16.5 578.5
90821.0 90813.1 25.0 -12.7 578.5
90813.0 90812.9 25.0 -12.7 578.5
90818.0 90813.3 25.0 -10.4 578.5
90814.0 90813.2 25.0 -10.1 578.5
90804.0 90811.9 25.0 -13.8 578.5
90817.0 90812.3 25.0 -11.6 578.5
90820.0 90813.0 25.0 -8.3 578.5
90810.0 90812.5 25.0 -9.5 578.5
90826.0 90814.0 25.0 -3.7 578.5
90824.0 90815.2 25.0 0.5 578.5
90834.0 90817.6 25.0 8.3 578.5
90821.0 90818.2 25.0 9.7 578.5
90824.0 90819.1 25.0 12.0 578.5
90824.0 90819.9 25.0 14.0 578.5
90807.0 90818.5 25.0 8.5 578.5
90833.0 90820.5 25.0 14.5 578.5
90825.0 90821.3 25.0 16.2 578.5
90831.0 90822.8 25.0 20.2 578.5
90808.0 90821.3 25.0 13.8 578.5
90818.0 90821.1 25.0 12.3 578.5
90833.0 90822.8 25.0 17.2 578.5
90818.0 90822.5 25.0 15.0 578.5
90828.0 90823.5 25.0 17.2 578.5
90830.0 90824.6 25.0 19.8 578.5
90831.0 90825.7 25.0 22.3 578.5
90806.0 90823.7 25.0 13.8 578.5
90808.0 90821.9 25.0 7.2 578.5
90803.0 90819.7 25.0 -0.8 578.5
90817.0 90819.3 25.0 -1.9 578.5
90822.0 90819.6 25.0 -0.8 578.5
90806.0 90817.9 25.0 -6.5 578.5
90832.0 90819.6 25.0 -0.5 578.5
90806.0 90817.9 25.0 -6.2 578.5
90806.0 90816.3 25.0 -11.1 578.5
90817.0 90816.2 25.0 -10.7 578.5
90836.0 90818.5 25.0 -2.3 578.5
90841.0 90821.2 25.0 7.1 578.5
90796.0 90818.2 25.0 -3.5 578.5
90836.0 90820.4 25.0 4.0 578.5
90824.0 90820.9 25.0 5.5 578.5
90810.0 90819.6 25.0 0.9 578.5
90820.0 90819.7 25.0 1.0 578.5
90819.0 90819.6 25.0 0.7 578.5
90816.0 90819.2 25.0 -0.8 578.5
90835.0 90821.2 25.0 5.8 578.5
90816.0 90820.6 25.0 3.6 578.5
90805.0 90818.7 25.0 -3.0 578.5
90820.0 90818.8 25.0 -2.4 578.5
90809.0 90817.6 25.0 -6.5 578.5
90825.0 90818.4 25.0 -3.3 578.5
90794.0 90815.3 25.0 -13.5 578.5
90809.0 90814.2 25.0 -16.0 578.5
90840.0 90817.2 25.0 -5.1 578.5
90799.0 90814.8 25.0 -12.6 578.5
90789.0 90811.4 25.0 -23.3 578.5
90824.0 90812.5 25.0 -17.9 578.5
90831.0 90814.5 25.0 -10.0 578.5
90851.0 90818.9 25.0 5.3 578.5
90830.0 90820.4 25.0 9.9 578.5
90832.0 90822.0 25.0 14.7 578.5
90830.0 90823.3 25.0 17.9 578.5
90832.0 90824.7 25.0 21.4 578.5
90821.0 90824.6 25.0 19.7 578.5
90813.0 90823.5 25.0 14.7 578.5
90803.0 90821.2 25.0 6.0 578.5
90836.0 90823.1 25.0 12.1 578.5
90845.0 90826.1 25.0 21.1 578.5
90826.0 90826.5 25.0 20.9 578.5
90808.0 90824.5 25.0 13.0 578.5
90829.0 90825.3 25.0 14.8 578.5
90851.0 90828.8 25.0 25.4 578.5
90828.0 90829.1 25.0 24.9 578.5
90792.0 90824.9 25.0 9.1 578.5
90846.0 90827.7 25.0 17.9 578.5
90810.0 90825.8 25.0 10.3 578.5
90827.0 90826.1 25.0 10.7 578.5
90812.0 90824.6 25.0 4.7 578.5
90820.0 90824.1 25.0 2.8 578.5
90834.0 90825.4 25.0 6.9 578.5
90823.0 90825.2 25.0 5.9 578.5
90827.0 90825.5 25.0 6.6 578.5
90810.0 90823.7 25.0 0.0 578.5
90827.0 90824.1 25.0 1.4 578.5
90843.0 90826.5 25.0 9.3 578.5
90826.0 90826.6 25.0 9.0 578.5
90836.0 90827.9 25.0 12.9 578.5
90839.0 90829.5 25.0 17.4 578.5
90825.0 90829.3 25.0 15.4 578.5
90831.0 90829.8 25.0 16.0 578.5
90836.0 90830.8 25.0 18.4 578.5
90821.0 90829.9 25.0 14.2 578.5
90804.0 90826.9 25.0 3.2 578.5
90807.0 90824.5 25.0 -5.1 578.5
90847.0 90827.2 25.0 4.3 578.5
90814.0 90825.6 25.0 -1.2 578.5
90815.0 90824.3 25.0 -5.7 578.5
90815.0 90823.0 25.0 -9.5 578.5
90816.0 90822.0 25.0 -12.4 578.5
90800.0 90819.0 25.0 -21.5 578.5
90821.0 90818.9 25.0 -20.4 578.5
90834.0 90820.4 25.0 -14.0 578.5
90811.0 90819.0 25.0 -17.8 578.5
90812.0 90817.8 25.0 -20.6 578.5
90832.0 90819.2 25.0 -14.4 578.5
90845.0 90822.2 25.0 -3.5 578.5
90803.0 90819.7 25.0 -11.5 578.5
90831.0 90820.9 25.0 -6.7 578.5
90825.0 90821.3 25.0 -5.0 578.5
90820.0 90821.1 25.0 -5.5 578.5
90807.0 90819.2 25.0 -11.3 578.5
90807.0 90817.5 25.0 -16.3 578.5
90821.0 90817.6 25.0 -14.7 578.5
90830.0 90818.9 25.0 -9.4 578.5
90839.0 90821.3 25.0 -1.0 578.5
90793.0 90817.7 25.0 -12.8 578.5
90822.0 90818.0 25.0 -10.9 578.5
90822.0 90818.3 25.0 -9.2 578.5
90820.0 90818.4 25.0 -8.4 578.5
90805.0 90816.6 25.0 -13.9 578.5
90808.0 90815.2 25.0 -17.4 578.5
90824.0 90816.0 25.0 -13.6 578.5
90819.0 90816.2 25.0 -12.2 578.5
90833.0 90818.1 25.0 -5.1 578.5
90810.0 90817.0 25.0 -8.4 578.5
90821.0 90817.3 25.0 -6.7 578.5
90832.0 90819.0 25.0 -0.5 578.5
90830.0 90820.4 25.0 4.1 578.5
90830.0 90821.7 25.0 8.1 578.5
90822.0 90821.9 25.0 8.2 578.5
90838.0 90824.0 25.0 14.9 578.5
90836.0 90825.8 25.0 19.8 578.5
90823.0 90825.8 25.0 18.4 578.5
90834.0 90827.1 25.0 21.7 578.5
90837.0 90828.8 25.0 25.7 578.5
90824.0 90828.6 25.0 23.5 578.5
90830.0 90829.2 25.0 23.8 578.5
90843.0 90831.3 25.0 29.4 578.5
90838.0 90832.7 25.0 32.0 578.5
90818.0 90831.4 25.0 25.5 578.5
90825.0 90831.0 25.0 22.6 578.5
90820.0 90830.1 25.0 17.8 578.5
90828.0 90830.1 25.0 16.8 578.5
90860.0 90834.1 25.0 29.2 578.5
90845.0 90836.0 25.0 33.5 578.5
90830.0 90835.9 25.0 30.7 578.5
90827.0 90835.3 25.0 26.7 578.5
90809.0 90832.5 25.0 15.5 578.5
90819.0 90831.0 25.0 9.7 578.5
90827.0 90830.7 25.0 8.0 578.5
90831.0 90830.9 25.0 8.0 578.5
90847.0 90833.0 25.0 14.7 578.5
90842.0 90834.4 25.0 18.3 578.5
90839.0 90835.3 25.0 20.1 578.5
90819.0 90833.6 25.0 13.1 578.5
90826.0 90832.9 25.0 9.8 578.5
90829.0 90832.6 25.0 8.1 578.5
90808.0 90829.6 25.0 -2.3 578.5
90812.0 90827.4 25.0 -9.6 578.5
90824.0 90826.8 25.0 -11.0 578.5
90831.0 90827.1 25.0 -9.1 578.5
90821.0 90826.2 25.0 -11.6 578.5
90810.0 90824.0 25.0 -18.3 578.5
90805.0 90821.3 25.0 -26.1 578.5
90832.0 90822.2 25.0 -21.4 578.5
90833.0 90823.1 25.0 -16.7 578.5
90840.0 90825.0 25.0 -9.5 578.5
90823.0 90824.5 25.0 -10.2 578.5
90818.0 90823.5 25.0 -12.9 578.5
90809.0 90821.5 25.0 -18.8 578.5
90823.0 90821.4 25.0 -18.0 578.5
90812.0 90819.9 25.0 -21.8 578.5
90808.0 90818.0 25.0 -26.6 578.5
90833.0 90819.4 25.0 -20.1 578.5
90838.0 90821.4 25.0 -12.2 578.5
90824.0 90821.5 25.0 -11.0 578.5
90813.0 90820.3 25.0 -14.4 578.5
90823.0 90820.4 25.0 -13.2 578.5
90813.0 90819.2 25.0 -16.1 578.5
90863.0 90824.4 25.0 2.3 578.5
90819.0 90823.8 25.0 0.0 578.5
90832.0 90824.8 25.0 3.5 578.5
90832.0 90825.8 25.0 6.5 578.5
90821.0 90825.3 25.0 4.4 578.5
90803.0 90822.6 25.0 -4.9 578.5
90809.0 90820.8 25.0 -10.6 578.5
90823.0 90820.9 25.0 -9.6 578.5
90812.0 90819.6 25.0 -13.2 578.5
90805.0 90817.5 25.0 -19.2 578.5
90829.0 90818.6 25.0 -14.2 578.5
90829.0 90819.7 25.0 -9.8 578.5
90838.0 90821.8 25.0 -2.0 578.5
90841.0 90824.2 25.0 6.0 578.5
90813.0 90822.9 25.0 1.3 578.5
90810.0 90821.3 25.0 -4.1 578.5
90825.0 90821.7 25.0 -2.5 578.5
90817.0 90821.1 25.0 -4.5 578.5
90821.0 90821.0 25.0 -4.5 578.5
90808.0 90819.3 25.0 -9.8 578.5
90827.0 90820.1 25.0 -6.5 578.5
90841.0 90822.6 25.0 2.3 578.5
90855.0 90826.7 25.0 15.8 578.5
90833.0 90827.7 25.0 18.3 578.5
90832.0 90828.6 25.0 20.0 578.5
90848.0 90831.4 25.0 27.9 578.5
90823.0 90830.8 25.0 24.2 578.5
90834.0 90831.6 25.0 25.3 578.5
90845.0 90833.8 25.0 30.7 578.5
90819.0 90832.4 25.0 24.3 578.5
90840.0 90833.8 25.0 27.2 578.5
90797.0 90829.7 25.0 11.6 578.5
90818.0 90828.4 25.0 6.6 578.5
90820.0 90827.5 25.0 3.0 578.5
90836.0 90828.6 25.0 6.6 578.5
90824.0 90828.1 25.0 4.6 578.5
90852.0 90831.2 25.0 14.5 578.5
90817.0 90829.7 25.0 8.5 578.5
90836.0 90830.6 25.0 11.0 578.5
90829.0 90830.6 25.0 10.3 578.5
90792.0 90826.0 25.0 -6.0 578.5
90807.0 90823.5 25.0 -13.9 578.5
90828.0 90823.8 25.0 -11.9 578.5
90838.0 90825.4 25.0 -5.8 578.5
90826.0 90825.4 25.0 -5.5 578.5
90823.0 90825.0 25.0 -6.4 578.5
90829.0 90825.4 25.0 -4.7 578.5
90831.0 90826.0 25.0 -2.3 578.5
90814.0 90824.4 25.0 -7.3 578.5
90817.0 90823.4 25.0 -10.3 578.5
90803.0 90820.7 25.0 -18.8 578.5
90827.0 90821.1 25.0 -16.0 578.5
90812.0 90819.7 25.0 -19.7 578.5
90818.0 90819.1 25.0 -20.2 578.5
90806.0 90817.1 25.0 -25.5 578.5
90806.0 90815.3 25.0 -30.0 578.5
90814.0 90814.6 25.0 -30.3 578.5
90825.0 90815.4 25.0 -25.7 578.5
90840.0 90818.0 25.0 -15.2 578.5
90823.0 90818.4 25.0 -13.0 578.5
90815.0 90817.7 25.0 -14.3 578.5
90812.0 90816.8 25.0 -16.6 578.5
90823.0 90817.3 25.0 -13.8 578.5
90843.0 90820.2 25.0 -2.9 578.5
90834.0 90821.9 25.0 2.8 578.5
90823.0 90822.1 25.0 3.3 578.5
90816.0 90821.4 25.0 0.7 578.5
90836.0 90823.2 25.0 6.8 578.5
90818.0 90822.7 25.0 4.6 578.5
90837.0 90824.6 25.0 10.5 578.5
90814.0 90823.4 25.0 6.0 578.5
90800.0 90820.6 25.0 -3.8 578.5
90827.0 90821.3 25.0 -1.1 578.5
90828.0 90822.1 25.0 1.7 578.5
90853.0 90826.0 25.0 14.6 578.5
90812.0 90824.5 25.0 8.6 578.5
90827.0 90825.0 25.0 9.5 578.5
90819.0 90824.4 25.0 7.0 578.5
90803.0 90821.9 25.0 -2.1 578.5
90827.0 90822.5 25.0 0.1 578.5
90822.0 90822.4 25.0 -0.1 578.5
90826.0 90822.9 25.0 1.4 578.5
90831.0 90823.9 25.0 4.8 578.5
90809.0 90822.1 25.0 -1.5 578.5
90829.0 90823.0 25.0 1.4 578.5
90835.0 90824.5 25.0 6.5 578.5
90805.0 90822.2 25.0 -1.8 578.5
90830.0 90823.1 25.0 1.5 578.5
90832.0 90824.3 25.0 5.2 578.5
90827.0 90824.7 25.0 6.3 578.5
90808.0 90822.7 25.0 -0.7 578.5
90829.0 90823.5 25.0 1.9 578.5
90840.0 90825.6 25.0 8.8 578.5
90823.0 90825.4 25.0 7.7 578.5
90822.0 90825.1 25.0 6.2 578.5
90785.0 90820.2 25.0 -10.7 578.5
90845.0 90823.1 25.0 -0.2 578.5
90821.0 90822.9 25.0 -1.1 578.5
90834.0 90824.2 25.0 3.5 578.5
90830.0 90825.0 25.0 5.9 578.5
90816.0 90824.0 25.0 2.1 578.5
90802.0 90821.3 25.0 -7.1 578.5
90795.0 90817.9 25.0 -18.1 578.5
90806.0 90816.1 25.0 -22.9 578.5
90820.0 90816.2 25.0 -21.0 578.5
90815.0 90815.6 25.0 -21.3 578.5
90803.0 90813.7 25.0 -26.4 578.5
90799.0 90811.4 25.0 -32.4 578.5
90815.0 90811.3 25.0 -30.6 578.5
90837.0 90813.9 25.0 -19.6 578.5
90840.0 90816.9 25.0 -8.5 578.5
90803.0 90815.0 25.0 -14.2 578.5
90832.0 90816.9 25.0 -7.0 578.5
90816.0 90816.6 25.0 -7.3 578.5
90826.0 90817.7 25.0 -3.3 578.5
90823.0 90818.3 25.0 -1.1 578.5
90808.0 90817.0 25.0 -5.3 578.5
90805.0 90815.4 25.0 -10.3 578.5
90820.0 90815.8 25.0 -8.3 578.5
90797.0 90813.3 25.0 -16.1 578.5
90816.0 90813.4 25.0 -14.8 578.5
90836.0 90815.9 25.0 -5.2 578.5
90831.0 90817.7 25.0 1.1 578.5
90832.0 90819.5 25.0 7.1 578.5
90822.0 90820.0 25.0 8.1 578.5
90818.0 90819.9 25.0 7.2 578.5
90805.0 90818.1 25.0 0.9 578.5
90833.0 90820.0 25.0 7.1 578.5
90823.0 90820.5 25.0 8.3 578.5
90816.0 90820.1 25.0 6.4 578.5
90822.0 90820.4 25.0 7.1 578.5
90812.0 90819.5 25.0 3.5 578.5
90816.0 90819.1 25.0 2.0 578.5
90837.0 90821.4 25.0 9.5 578.5
90825.0 90822.0 25.0 10.9 578.5
90774.0 90816.2 25.0 -9.2 578.5
90821.0 90816.6 25.0 -7.2 578.5
90813.0 90816.1 25.0 -8.6 578.5
90808.0 90814.9 25.0 -11.9 578.5
90801.0 90812.9 25.0 -17.6 578.5
90821.0 90813.6 25.0 -14.1 578.5
90809.0 90812.8 25.0 -15.9 578.5
90805.0 90811.6 25.0 -19.1 578.5
90818.0 90812.0 25.0 -16.2 578.5
90843.0 90815.6 25.0 -3.1 578.5
