90741.0 90741.0 0.0
90742.0 90741.4 0.1
90741.0 90741.3 -0.1
90746.0 90742.4 0.5
90734.0 90740.8 -1.2
90743.0 90741.1 -0.7
90736.0 90740.3 -2.0
90727.0 90738.4 -6.2
90751.0 90740.0 -1.1
90754.0 90741.9 5.0
90777.0 90746.6 21.0
90734.0 90745.3 12.3
90741.0 90744.9 11.1
90748.0 90745.6 12.5
90732.0 90743.9 3.8
90749.0 90744.7 6.7
90773.0 90748.9 24.2
90751.0 90749.6 25.0
90740.0 90748.6 18.5
90747.0 90748.7 17.2
90750.0 90749.2 17.6
90762.0 90751.4 25.2
90737.0 90749.7 16.2
90744.0 90749.1 12.4
90743.0 90748.4 8.6
90746.0 90748.2 6.9
90757.0 90749.6 11.8
90735.0 90747.7 3.3
90759.0 90749.4 9.6
90734.0 90747.3 0.7
90749.0 90747.6 1.5
90742.0 90746.8 -1.7
90751.0 90747.4 0.5
90741.0 90746.5 -3.1
90750.0 90746.9 -1.3
90743.0 90746.3 -3.5
90742.0 90745.6 -5.9
90730.0 90743.3 -14.5
90751.0 90744.2 -10.4
90736.0 90742.8 -14.8
90722.0 90739.6 -26.0
90755.0 90741.3 -17.7
90745.0 90741.6 -15.7
90756.0 90743.3 -8.0
90718.0 90739.6 -21.6
90769.0 90743.4 -5.8
90748.0 90744.0 -3.4
90739.0 90743.2 -6.2
90758.0 90745.2 1.7
90760.0 90747.3 9.6
90716.0 90743.0 -7.4
90762.0 90745.6 2.7
90740.0 90744.8 -0.4
90752.0 90745.8 3.4
90739.0 90744.9 -0.4
90761.0 90747.2 8.1
90749.0 90747.6 8.9
90767.0 90750.5 19.1
90759.0 90752.0 23.5
90734.0 90749.9 13.6
90751.0 90750.3 14.0
90772.0 90753.6 25.5
90743.0 90752.5 19.5
90746.0 90751.9 15.9
90750.0 90751.9 14.6
90744.0 90751.1 10.2
90753.0 90751.5 11.1
90746.0 90750.9 8.0
90744.0 90750.1 4.2
90745.0 90749.4 1.4
90742.0 90748.4 -2.6
90749.0 90748.5 -2.3
90746.0 90748.1 -3.8
90736.0 90746.3 -10.2
90752.0 90746.9 -7.2
90750.0 90747.2 -5.6
90750.0 90747.5 -4.2
90784.0 90752.6 15.2
90771.0 90755.4 24.8
90727.0 90751.9 9.4
90746.0 90751.2 6.1
90765.0 90753.2 13.4
90767.0 90755.4 20.5
90743.0 90754.0 13.7
90758.0 90754.8 15.6
90729.0 90751.5 1.7
90749.0 90751.1 0.3
90752.0 90751.3 0.7
90748.0 90750.8 -1.1
90768.0 90753.2 8.0
90738.0 90751.2 -0.3
90748.0 90750.8 -2.0
90740.0 90749.2 -7.8
90731.0 90746.5 -17.5
90744.0 90745.9 -18.7
90751.0 90746.3 -15.9
90766.0 90748.8 -5.4
90766.0 90751.1 3.7
90767.0 90753.4 12.0
90758.0 90754.2 14.3
90758.0 90755.0 16.1
90772.0 90757.7 24.9
90796.0 90763.5 45.0
90758.0 90763.5 41.6
90734.0 90760.1 25.6
90756.0 90759.9 23.1
90744.0 90758.1 14.3
90769.0 90759.9 20.0
90757.0 90759.8 18.2
90748.0 90758.5 11.8
90778.0 90761.4 21.9
90752.0 90760.5 16.8
90779.0 90763.4 26.3
90764.0 90763.9 26.4
90733.0 90760.0 9.8
90753.0 90759.2 5.9
90753.0 90758.4 2.5
90760.0 90758.7 3.2
90737.0 90755.7 -8.3
90753.0 90755.2 -9.8
90760.0 90755.7 -7.2
90742.0 90753.6 -14.5
90751.0 90753.0 -15.8
90762.0 90754.0 -11.0
90750.0 90753.3 -13.1
90767.0 90755.0 -5.8
90780.0 90758.4 7.3
90756.0 90758.2 6.0
90740.0 90755.7 -3.8
90769.0 90757.5 3.3
90763.0 90758.3 6.1
90753.0 90757.7 3.1
90759.0 90757.9 3.7
90754.0 90757.4 1.5
90764.0 90758.4 4.9
90755.0 90758.0 3.0
90736.0 90755.0 -8.7
90757.0 90755.1 -7.7
90754.0 90754.8 -8.2
90744.0 90753.2 -14.0
90758.0 90753.6 -11.3
90735.0 90750.8 -21.1
90762.0 90752.0 -15.1
90740.0 90750.1 -21.4
90771.0 90752.6 -10.3
90764.0 90754.0 -4.3
90769.0 90756.1 3.6
90742.0 90754.2 -3.9
90733.0 90751.1 -15.2
90766.0 90752.9 -7.3
90761.0 90753.9 -3.0
90751.0 90753.5 -4.6
90747.0 90752.5 -8.1
90775.0 90755.5 3.8
90762.0 90756.5 7.1
90722.0 90751.8 -11.2
90769.0 90754.0 -2.1
90756.0 90754.2 -1.1
90767.0 90756.0 5.5
90761.0 90756.8 8.0
90739.0 90754.4 -1.5
90756.0 90754.6 -0.7
90750.0 90754.0 -3.2
90756.0 90754.2 -2.2
90761.0 90755.1 1.3
90756.0 90755.3 1.7
90749.0 90754.4 -1.7
90756.0 90754.6 -0.9
90751.0 90754.1 -2.9
90758.0 90754.6 -0.9
90755.0 90754.6 -0.7
90740.0 90752.6 -8.4
90746.0 90751.5 -11.9
90785.0 90756.0 5.7
90750.0 90755.2 2.5
90746.0 90754.0 -2.5
90732.0 90750.9 -14.1
90755.0 90751.2 -11.9
90738.0 90749.2 -18.8
90745.0 90748.3 -20.9
90771.0 90751.1 -8.9
90759.0 90752.0 -4.7
90773.0 90754.9 6.3
90768.0 90756.8 13.1
90761.0 90757.6 15.1
90751.0 90757.0 11.4
90761.0 90757.7 13.3
90760.0 90758.3 14.4
90775.0 90760.9 23.0
90749.0 90759.6 16.5
90733.0 90756.2 2.3
90754.0 90755.9 1.1
90744.0 90754.3 -5.2
90746.0 90753.0 -9.6
90749.0 90752.3 -11.7
90754.0 90752.3 -10.8
90727.0 90748.6 -24.0
90775.0 90751.9 -10.1
90768.0 90754.0 -1.6
90761.0 90754.9 2.0
90773.0 90757.5 11.4
90742.0 90755.5 3.2
90747.0 90754.4 -1.4
90737.0 90751.9 -10.6
90772.0 90754.6 0.0
90757.0 90754.9 1.3
90737.0 90752.4 -8.2
90728.0 90748.9 -21.0
90766.0 90750.9 -11.9
90747.0 90750.1 -13.9
90759.0 90751.1 -9.3
90745.0 90750.1 -12.5
90755.0 90750.6 -9.9
90729.0 90747.4 -21.2
90762.0 90749.1 -13.5
90765.0 90751.1 -5.1
90733.0 90748.5 -14.6
90764.0 90750.4 -6.3
90727.0 90747.0 -18.6
90721.0 90743.1 -32.2
90742.0 90742.4 -32.5
90758.0 90744.0 -24.0
90731.0 90741.8 -30.7
90766.0 90744.6 -17.8
90771.0 90748.0 -3.9
90751.0 90748.3 -2.3
90748.0 90748.3 -2.6
90737.0 90746.6 -8.5
90737.0 90745.1 -13.5
90736.0 90743.6 -18.2
90743.0 90743.2 -18.5
90737.0 90742.0 -21.6
90737.0 90741.0 -24.2
90767.0 90744.2 -10.4
90777.0 90748.6 6.8
90767.0 90751.3 16.4
90749.0 90751.2 15.0
90746.0 90750.8 12.1
90756.0 90751.7 14.6
90756.0 90752.6 16.7
90742.0 90751.4 11.0
90760.0 90752.8 15.4
90737.0 90750.8 7.0
90722.0 90746.9 -8.2
90751.0 90747.4 -6.0
90732.0 90745.1 -14.1
90746.0 90745.0 -13.5
90756.0 90746.3 -7.7
90745.0 90746.0 -8.4
90739.0 90744.9 -12.1
90755.0 90746.1 -6.7
90745.0 90745.8 -7.3
90753.0 90746.7 -3.5
90754.0 90747.6 0.3
90760.0 90749.4 6.7
90775.0 90753.1 20.0
90748.0 90752.7 17.1
90754.0 90753.2 17.6
90749.0 90752.9 15.3
90738.0 90751.1 7.3
90759.0 90752.3 11.3
90767.0 90754.6 18.8
90757.0 90755.2 19.9
90739.0 90753.3 11.2
90754.0 90753.6 11.5
90746.0 90752.7 7.3
90775.0 90756.0 18.9
90733.0 90753.1 6.7
90740.0 90751.4 -0.3
90777.0 90754.9 13.0
90755.0 90755.2 12.9
90761.0 90756.2 15.8
90742.0 90754.5 8.2
90753.0 90754.4 7.4
90740.0 90752.5 -0.2
90773.0 90755.4 10.2
90750.0 90754.8 7.2
90713.0 90749.1 -14.8
90747.0 90748.6 -15.6
90747.0 90748.1 -16.5
90761.0 90749.6 -9.7
90785.0 90754.4 8.6
90758.0 90755.0 10.5
90753.0 90754.9 9.4
90775.0 90757.9 20.1
90769.0 90759.8 25.7
90758.0 90760.0 24.8
90746.0 90758.4 19.5
90741.0 90756.3 14.2
90756.0 90756.5 16.8
90739.0 90754.4 11.7
90747.0 90753.5 16.6
90743.0 90752.4 20.6
90755.0 90753.1 31.8
90768.0 90755.7 52.2
90756.0 90756.6 64.2
90774.0 90760.2 83.5
90762.0 90761.9 95.5
90733.0 90759.5 90.1
90764.0 90761.7 104.0
90748.0 90761.5 109.8
90744.0 90761.0 111.7
90755.0 90762.1 116.4
90770.0 90765.2 124.8
90783.0 90769.8 135.7
90798.0 90776.1 154.1
90816.0 90784.3 177.9
90792.0 90788.4 185.2
90799.0 90793.1 194.4
90800.0 90797.4 203.8
90806.0 90802.1 213.7
90810.0 90806.9 220.1
90818.0 90812.2 223.3
90830.0 90818.5 228.4
90808.0 90821.0 220.9
90826.0 90825.5 220.8
90816.0 90828.0 213.4
90857.0 90835.7 225.6
90815.0 90836.7 207.8
90846.0 90841.6 204.6
90831.0 90843.6 195.4
90825.0 90844.4 182.0
90856.0 90849.1 184.3
90874.0 90855.8 193.1
90882.0 90862.8 202.4
90860.0 90865.9 194.6
90851.0 90867.1 177.3
90877.0 90871.6 172.8
90857.0 90872.5 159.7
90857.0 90873.1 152.2
90866.0 90874.7 151.7
90873.0 90877.1 152.0
90889.0 90881.4 155.2
90872.0 90882.7 143.8
90898.0 90887.3 141.8
90887.0 90889.7 133.0
90868.0 90889.0 118.2
90899.0 90892.4 121.5
90897.0 90895.1 115.6
90886.0 90895.9 99.1
90902.0 90898.4 93.4
90878.0 90897.2 77.0
90894.0 90898.1 69.5
90886.0 90897.6 57.1
90886.0 90897.0 46.0
90899.0 90898.0 42.2
90908.0 90900.1 44.4
90893.0 90899.9 37.0
90877.0 90897.4 20.7
90926.0 90901.7 32.5
90922.0 90905.1 39.9
90900.0 90905.1 33.8
90909.0 90906.2 30.9
90921.0 90908.8 31.1
90942.0 90913.9 39.2
90938.0 90918.0 43.7
90890.0 90914.8 23.0
90924.0 90916.5 25.4
90898.0 90914.4 12.6
90896.0 90912.0 1.9
90902.0 90910.7 -7.9
90904.0 90909.6 -16.8
90926.0 90911.6 -13.1
90919.0 90912.4 -19.3
90919.0 90913.0 -17.8
90908.0 90912.0 -22.9
90902.0 90910.2 -32.5
90937.0 90913.4 -24.9
90936.0 90916.1 -20.5
90921.0 90916.4 -25.4
90918.0 90916.2 -23.9
90883.0 90911.2 -42.3
90894.0 90908.1 -53.4
90919.0 90908.7 -51.9
90918.0 90909.1 -54.5
90904.0 90907.4 -70.0
90926.0 90908.8 -68.5
90904.0 90907.0 -74.0
90909.0 90906.0 -72.3
90883.0 90901.5 -86.2
90896.0 90899.3 -91.5
90910.0 90899.2 -84.9
90887.0 90896.0 -88.9
90917.0 90897.4 -76.4
90902.0 90896.7 -70.4
90905.0 90896.7 -59.6
90914.0 90898.1 -43.8
90902.0 90897.9 -35.6
90896.0 90897.0 -33.0
90891.0 90895.6 -37.4
90884.0 90893.3 -46.5
90886.0 90891.5 -49.7
90895.0 90891.1 -44.8
90908.0 90892.7 -36.0
90870.0 90888.9 -51.9
90886.0 90887.6 -61.9
90871.0 90884.2 -82.0
90911.0 90886.6 -78.6
90904.0 90887.6 -74.9
90895.0 90887.4 -75.2
90890.0 90886.4 -83.7
90888.0 90885.2 -98.0
90864.0 90880.6 -124.7
90884.0 90878.9 -134.1
90876.0 90876.2 -140.3
90878.0 90874.0 -139.8
90893.0 90874.3 -133.2
90874.0 90871.9 -141.4
90855.0 90867.1 -156.8
90870.0 90864.8 -158.7
90866.0 90862.3 -169.1
90848.0 90857.4 -183.9
90851.0 90853.3 -186.1
90859.0 90850.9 -185.5
90842.0 90846.5 -196.4
90855.0 90844.3 -192.9
90818.0 90837.3 -185.2
90805.0 90829.6 -169.4
90814.0 90824.5 -154.9
90834.0 90823.2 -144.7
90816.0 90819.7 -152.6
90827.0 90818.1 -152.8
90817.0 90815.3 -151.9
90845.0 90816.8 -126.1
90784.0 90810.1 -130.9
90795.0 90805.7 -128.3
90797.0 90802.3 -124.8
90791.0 90798.6 -125.7
90807.0 90797.6 -119.2
90788.0 90794.2 -121.2
90774.0 90789.3 -125.5
90777.0 90785.4 -121.1
90782.0 90782.9 -110.1
90777.0 90780.2 -102.7
90783.0 90778.8 -94.3
90786.0 90778.2 -89.7
90774.0 90776.1 -91.9
90779.0 90774.9 -88.9
90762.0 90771.6 -92.5
90781.0 90771.3 -80.6
90778.0 90770.8 -71.0
90787.0 90771.9 -59.2
90764.0 90769.7 -63.3
90760.0 90767.3 -69.4
90754.0 90764.2 -74.0
90756.0 90761.8 -70.2
90759.0 90760.2 -63.4
90756.0 90758.6 -59.7
90728.0 90753.3 -73.1
90764.0 90753.5 -66.4
90750.0 90751.9 -67.4
90753.0 90750.9 -66.5
90763.0 90751.4 -57.8
90742.0 90749.1 -57.3
90732.0 90745.7 -60.0
90754.0 90745.9 -52.3
90758.0 90746.6 -44.0
90760.0 90747.7 -35.5
90726.0 90744.1 -45.4
90746.0 90743.6 -42.2
90758.0 90744.9 -31.7
90771.0 90747.9 -14.6
90766.0 90750.2 -0.2
90748.0 90749.9 5.3
90766.0 90752.2 20.5
90765.0 90754.3 33.9
90742.0 90753.2 34.4
90756.0 90754.2 43.7
90754.0 90754.9 52.0
90755.0 90755.8 61.1
90764.0 90758.0 74.1
90744.0 90757.4 74.8
90757.0 90758.6 81.6
90771.0 90761.7 94.4
90768.0 90764.2 104.6
90753.0 90764.5 104.3
90773.0 90767.4 112.2
90777.0 90770.7 119.3
90762.0 90771.6 115.7
90775.0 90774.0 117.3
90795.0 90779.0 129.7
90792.0 90783.0 139.3
90794.0 90786.9 147.2
90769.0 90787.0 138.1
90788.0 90789.5 137.4
90788.0 90791.7 133.6
90783.0 90792.8 124.7
90792.0 90794.8 119.9
90775.0 90794.1 105.7
90816.0 90799.0 112.9
90814.0 90803.0 115.5
90800.0 90804.6 110.6
90812.0 90807.5 111.7
90805.0 90809.1 106.4
90828.0 90813.5 110.7
90810.0 90815.0 100.2
90817.0 90817.0 91.1
90828.0 90820.1 87.9
90833.0 90823.4 87.6
90807.0 90822.6 75.3
90827.0 90824.5 74.8
90840.0 90828.0 80.6
90841.0 90831.1 84.6
90836.0 90833.3 84.1
90808.0 90831.2 68.0
90815.0 90830.1 57.8
90836.0 90832.0 61.0
90822.0 90831.6 55.5
90825.0 90831.7 50.0
90857.0 90836.0 59.8
90818.0 90834.6 47.3
90825.0 90834.0 41.0
90845.0 90836.3 46.2
90838.0 90837.3 46.4
90867.0 90842.2 60.4
90838.0 90842.7 55.1
90848.0 90844.4 53.6
90838.0 90844.4 47.2
90830.0 90843.2 36.6
90856.0 90845.6 40.4
90871.0 90849.8 51.0
90847.0 90850.3 45.5
90836.0 90849.1 34.1
90840.0 90848.4 26.3
90855.0 90849.8 27.4
90837.0 90848.5 20.2
90874.0 90852.4 33.2
90876.0 90856.2 44.9
90830.0 90853.4 29.7
90850.0 90853.4 25.3
90891.0 90859.1 41.5
90867.0 90860.9 42.2
90827.0 90856.9 22.0
90843.0 90855.3 11.5
90865.0 90856.9 13.2
90826.0 90852.8 -4.9
90825.0 90848.9 -21.7
90846.0 90848.1 -26.8
90854.0 90848.5 -27.5
90830.0 90845.4 -39.6
90868.0 90847.9 -29.6
90847.0 90847.2 -31.1
90843.0 90846.1 -33.4
90854.0 90846.6 -30.7
90864.0 90848.5 -24.4
90849.0 90848.2 -27.5
90851.0 90848.1 -28.9
90863.0 90849.6 -22.7
90870.0 90852.1 -12.1
90857.0 90852.6 -10.3
90844.0 90851.2 -15.4
90845.0 90850.1 -18.7
90817.0 90845.2 -36.1
90838.0 90843.5 -39.9
90856.0 90844.6 -33.1
90849.0 90844.6 -30.0
90833.0 90842.5 -36.5
90814.0 90837.9 -51.8
90863.0 90840.5 -38.4
90839.0 90839.6 -39.0
90866.0 90842.6 -25.6
90853.0 90843.6 -21.0
90843.0 90843.2 -22.3
90847.0 90843.3 -20.7
90827.0 90840.7 -29.4
90824.0 90837.9 -38.0
90845.0 90838.2 -34.3
90853.0 90839.7 -26.9
90815.0 90835.8 -40.7
90850.0 90837.1 -35.2
90821.0 90834.2 -44.1
90836.0 90833.7 -42.5
90822.0 90831.4 -47.6
90832.0 90830.6 -46.9
90830.0 90829.7 -47.7
90851.0 90831.9 -37.9
90831.0 90831.1 -39.9
90830.0 90830.2 -42.1
90822.0 90828.4 -47.5
90848.0 90830.3 -36.1
90820.0 90828.2 -37.9
90805.0 90824.4 -44.4
90823.0 90823.4 -39.7
90835.0 90824.3 -29.5
90839.0 90825.9 -19.8
90785.0 90819.8 -39.8
90808.0 90817.5 -45.2
90850.0 90821.2 -29.5
90824.0 90821.1 -25.7
90832.0 90822.2 -18.2
90840.0 90824.3 -6.8
90823.0 90824.0 -5.1
90823.0 90823.8 -3.8
90812.0 90822.1 -9.0
90816.0 90821.1 -11.9
90846.0 90824.3 0.3
90822.0 90824.0 -1.7
90824.0 90824.0 -1.6
90814.0 90822.6 -5.4
90814.0 90821.3 -7.4
90810.0 90819.6 -12.2
90825.0 90820.1 -7.5
90817.0 90819.6 -8.8
90827.0 90820.5 -4.9
90851.0 90824.6 10.6
90812.0 90823.0 3.9
90794.0 90819.1 -10.9
90811.0 90817.8 -14.2
90813.0 90816.9 -15.5
90820.0 90817.0 -11.9
90809.0 90815.7 -14.2
90816.0 90815.5 -12.9
90821.0 90816.1 -9.7
90795.0 90813.0 -20.8
90821.0 90813.7 -17.2
90825.0 90815.0 -11.0
90814.0 90814.7 -10.5
90816.0 90814.7 -9.8
90809.0 90813.7 -11.1
90826.0 90815.2 -4.3
90821.0 90816.0 -1.3
90800.0 90813.7 -9.4
90821.0 90814.6 -5.2
90813.0 90814.3 -5.7
90818.0 90814.7 -3.2
90814.0 90814.5 -2.9
90804.0 90813.0 -7.7
90817.0 90813.4 -4.8
90820.0 90814.3 -0.6
90810.0 90813.7 -2.6
90826.0 90815.3 3.8
90824.0 90816.6 7.9
90834.0 90819.1 16.7
90821.0 90819.7 17.8
90824.0 90820.6 20.6
90824.0 90821.4 22.3
90807.0 90819.8 14.9
90833.0 90821.9 21.8
90825.0 90822.7 23.1
90831.0 90824.2 27.0
90808.0 90822.5 18.1
90818.0 90822.1 15.4
90833.0 90823.9 20.9
90818.0 90823.5 18.9
90828.0 90824.4 22.2
90830.0 90825.6 25.5
90831.0 90826.8 28.0
90806.0 90824.4 16.8
90808.0 90822.4 8.0
90803.0 90819.8 -2.4
90817.0 90819.4 -3.8
90822.0 90819.7 -3.0
90806.0 90817.7 -10.2
90832.0 90819.5 -3.1
90806.0 90817.6 -8.3
90806.0 90815.9 -14.3
90817.0 90815.8 -13.7
90836.0 90818.3 -3.1
90841.0 90821.4 8.7
90796.0 90818.0 -4.5
90836.0 90820.5 4.8
90824.0 90821.0 6.6
90810.0 90819.6 1.0
90820.0 90819.7 1.4
90819.0 90819.6 0.9
90816.0 90819.1 -1.3
90835.0 90821.3 7.1
90816.0 90820.7 4.2
90805.0 90818.6 -4.0
90820.0 90818.7 -3.3
90809.0 90817.3 -8.3
90825.0 90818.2 -4.2
90794.0 90814.8 -16.8
90809.0 90813.7 -19.7
90840.0 90817.0 -6.0
90799.0 90814.4 -15.1
90789.0 90810.6 -28.1
90824.0 90812.0 -21.1
90831.0 90814.3 -11.0
90851.0 90819.2 8.0
90830.0 90820.8 13.5
90832.0 90822.6 19.2
90830.0 90824.0 22.9
90832.0 90825.5 26.8
90821.0 90825.3 24.2
90813.0 90824.0 17.6
90803.0 90821.4 6.6
90836.0 90823.5 14.0
90845.0 90826.8 24.9
90826.0 90827.1 24.3
90808.0 90824.9 14.1
90829.0 90825.7 16.1
90851.0 90829.5 29.0
90828.0 90829.8 27.9
90792.0 90825.0 8.1
90846.0 90828.0 18.9
90810.0 90825.9 9.4
90827.0 90826.2 9.8
90812.0 90824.4 2.3
90820.0 90823.8 0.0
90834.0 90825.2 5.3
90823.0 90825.0 4.0
90827.0 90825.4 5.0
90810.0 90823.3 -3.0
90827.0 90823.8 -1.1
90843.0 90826.4 8.8
90826.0 90826.5 8.5
90836.0 90828.0 13.3
90839.0 90829.7 18.9
90825.0 90829.4 16.3
90831.0 90829.9 16.9
90836.0 90831.0 19.9
90821.0 90830.0 14.6
90804.0 90826.6 1.0
90807.0 90823.9 -9.1
90847.0 90827.0 2.8
90814.0 90825.2 -4.0
90815.0 90823.7 -9.2
90815.0 90822.4 -13.6
90816.0 90821.3 -16.9
90800.0 90818.0 -27.8
90821.0 90818.0 -26.0
90834.0 90819.7 -17.4
90811.0 90818.2 -21.8
90812.0 90817.0 -24.8
90832.0 90818.6 -16.9
90845.0 90822.0 -3.1
90803.0 90819.3 -12.9
90831.0 90820.7 -6.8
90825.0 90821.2 -4.5
90820.0 90820.9 -5.1
90807.0 90818.9 -12.2
90807.0 90817.1 -18.3
90821.0 90817.3 -16.1
90830.0 90818.8 -9.4
90839.0 90821.4 1.1
90793.0 90817.5 -13.6
90822.0 90817.9 -11.2
90822.0 90818.3 -9.0
90820.0 90818.4 -8.0
90805.0 90816.4 -14.8
90808.0 90815.0 -19.0
90824.0 90815.9 -14.2
90819.0 90816.1 -12.5
90833.0 90818.2 -3.6
90810.0 90817.0 -7.8
90821.0 90817.4 -5.8
90832.0 90819.3 1.8
90830.0 90820.8 7.2
90830.0 90822.2 11.9
90822.0 90822.4 11.6
90838.0 90824.8 19.5
90836.0 90826.7 25.1
90823.0 90826.6 22.9
90834.0 90828.0 26.5
90837.0 90829.7 30.9
90824.0 90829.5 27.6
90830.0 90830.0 27.6
90843.0 90832.3 34.1
90838.0 90833.7 36.7
90818.0 90832.1 28.3
90825.0 90831.6 24.3
90820.0 90830.4 18.1
90828.0 90830.4 16.7
90860.0 90834.8 31.8
90845.0 90836.8 36.7
90830.0 90836.5 32.8
90827.0 90835.7 27.7
90809.0 90832.5 13.6
90819.0 90830.9 6.6
90827.0 90830.4 4.4
90831.0 90830.6 4.7
90847.0 90832.9 13.1
90842.0 90834.4 17.6
90839.0 90835.4 19.8
90819.0 90833.4 11.2
90826.0 90832.6 7.2
90829.0 90832.2 5.3
90808.0 90829.0 -7.3
90812.0 90826.5 -16.1
90824.0 90825.9 -17.3
90831.0 90826.3 -14.6
90821.0 90825.3 -17.2
90810.0 90822.9 -25.0
90805.0 90820.0 -34.1
90832.0 90821.1 -27.6
90833.0 90822.2 -21.1
90840.0 90824.3 -11.7
90823.0 90823.9 -12.4
90818.0 90822.9 -15.3
90809.0 90820.7 -22.4
90823.0 90820.6 -21.0
90812.0 90819.1 -25.3
90808.0 90817.1 -30.8
90833.0 90818.8 -22.4
90838.0 90821.1 -12.3
90824.0 90821.2 -10.6
90813.0 90819.9 -14.8
90823.0 90820.1 -13.1
90813.0 90818.9 -16.7
90863.0 90824.7 6.3
90819.0 90824.0 3.3
90832.0 90825.2 7.3
90832.0 90826.3 10.7
90821.0 90825.7 7.9
90803.0 90822.7 -3.9
90809.0 90820.7 -10.9
90823.0 90820.9 -9.7
90812.0 90819.5 -14.1
90805.0 90817.2 -21.5
90829.0 90818.5 -15.2
90829.0 90819.7 -9.7
90838.0 90822.0 -0.2
90841.0 90824.7 9.6
90813.0 90823.2 3.5
90810.0 90821.5 -3.4
90825.0 90821.9 -1.5
90817.0 90821.2 -4.1
90821.0 90821.1 -4.1
90808.0 90819.2 -10.8
90827.0 90820.1 -6.7
90841.0 90822.9 4.1
90855.0 90827.4 20.6
90833.0 90828.5 23.3
90832.0 90829.4 24.8
90848.0 90832.4 34.2
90823.0 90831.7 29.0
90834.0 90832.5 29.9
90845.0 90834.8 36.0
90819.0 90833.2 27.6
90840.0 90834.6 30.7
90797.0 90829.9 11.0
90818.0 90828.5 4.7
90820.0 90827.4 0.3
90836.0 90828.6 4.7
90824.0 90828.0 2.3
90852.0 90831.4 14.6
90817.0 90829.6 7.0
90836.0 90830.6 10.2
90829.0 90830.6 9.3
90792.0 90825.4 -10.6
90807.0 90822.7 -20.0
90828.0 90823.1 -17.1
90838.0 90824.8 -9.2
90826.0 90824.8 -8.6
90823.0 90824.4 -9.5
90829.0 90824.9 -7.1
90831.0 90825.6 -3.9
90814.0 90823.9 -9.9
90817.0 90822.8 -13.4
90803.0 90819.8 -23.5
90827.0 90820.4 -19.7
90812.0 90818.9 -23.8
90818.0 90818.4 -24.1
90806.0 90816.3 -30.3
90806.0 90814.3 -35.3
90814.0 90813.7 -35.2
90825.0 90814.6 -29.0
90840.0 90817.6 -15.7
90823.0 90818.1 -12.8
90815.0 90817.5 -14.3
90812.0 90816.5 -17.0
90823.0 90817.1 -13.5
90843.0 90820.4 0.0
90834.0 90822.3 7.0
90823.0 90822.5 7.2
90816.0 90821.7 3.8
90836.0 90823.8 11.0
90818.0 90823.2 7.9
90837.0 90825.2 14.9
90814.0 90823.9 9.0
90800.0 90820.8 -3.4
90827.0 90821.6 -0.2
90828.0 90822.5 3.1
90853.0 90826.7 18.7
90812.0 90825.0 11.0
90827.0 90825.5 11.9
90819.0 90824.8 8.4
90803.0 90821.9 -2.9
90827.0 90822.6 -0.3
90822.0 90822.5 -0.6
90826.0 90823.0 1.3
90831.0 90824.1 5.4
90809.0 90822.1 -2.5
90829.0 90823.0 1.1
90835.0 90824.7 7.2
90805.0 90822.1 -3.0
90830.0 90823.1 1.1
90832.0 90824.4 5.6
90827.0 90824.8 6.9
90808.0 90822.6 -1.9
90829.0 90823.5 1.4
90840.0 90825.8 9.8
90823.0 90825.6 8.3
90822.0 90825.2 6.4
90785.0 90819.8 -14.4
90845.0 90823.0 -1.3
90821.0 90822.7 -2.3
90834.0 90824.2 3.6
90830.0 90825.1 6.5
90816.0 90824.0 1.8
90802.0 90821.0 -9.5
90795.0 90817.2 -22.8
90806.0 90815.3 -28.3
90820.0 90815.4 -25.6
90815.0 90814.9 -25.6
90803.0 90812.8 -31.5
90799.0 90810.4 -38.3
90815.0 90810.4 -35.6
90837.0 90813.4 -21.6
90840.0 90816.7 -7.7
90803.0 90814.7 -14.7
90832.0 90816.8 -5.6
90816.0 90816.6 -6.1
90826.0 90817.8 -1.2
90823.0 90818.5 1.5
90808.0 90817.1 -4.0
90805.0 90815.3 -10.2
90820.0 90815.8 -7.7
90797.0 90813.1 -17.3
90816.0 90813.2 -15.6
90836.0 90816.1 -3.8
90831.0 90818.1 3.9
90832.0 90820.1 11.0
90822.0 90820.5 11.9
90818.0 90820.4 10.4
90805.0 90818.4 2.4
90833.0 90820.5 9.9
90823.0 90821.0 11.1
90816.0 90820.5 8.4
90822.0 90820.9 9.0
90812.0 90819.8 4.4
90816.0 90819.3 2.5
90837.0 90821.8 11.5
90825.0 90822.5 13.0
90774.0 90816.0 -12.1
90821.0 90816.5 -9.3
90813.0 90815.8 -10.9
90808.0 90814.5 -14.8
90801.0 90812.4 -21.9
90821.0 90813.2 -17.2
90809.0 90812.3 -19.2
90805.0 90811.0 -22.7
90818.0 90811.6 -18.9
90843.0 90815.6 -2.5
