90741.0 90741.0 133.4 0.0 436.0 0.0 400.0
90742.0 90741.4 80.1 0.0 472.1 -0.0 400.0
90741.0 90741.3 57.4 -0.1 507.9 -0.0 400.0
90746.0 90742.3 45.0 0.2 543.0 -0.0 400.0
90734.0 90740.8 37.4 -0.8 577.1 0.0 400.0
90743.0 90741.1 32.3 -0.6 609.6 0.0 400.0
90736.0 90740.4 28.9 -1.3 640.0 0.1 400.0
90727.0 90738.6 26.5 -3.8 667.8 0.3 399.9
90751.0 90740.1 25.0 -0.6 692.4 0.0 399.8
90754.0 90741.7 24.0 3.3 713.3 -0.3 399.7
90777.0 90745.9 23.4 13.4 730.2 -1.3 399.6
90734.0 90744.8 23.2 7.3 742.9 -0.9 399.3
90741.0 90744.5 23.2 7.2 751.2 -0.7 399.0
90748.0 90745.0 23.4 8.3 755.2 -0.9 398.7
90732.0 90743.6 23.7 2.3 755.3 -0.3 398.2
90749.0 90744.3 24.1 4.4 751.8 -0.5 397.7
90773.0 90747.9 24.5 17.5 745.2 -2.0 397.1
90751.0 90748.6 24.9 18.4 736.2 -2.2 396.4
90740.0 90747.8 25.2 14.0 725.4 -1.7 395.6
90747.0 90748.0 25.6 13.5 713.3 -1.6 394.8
90750.0 90748.5 25.9 14.1 700.5 -1.7 393.9
90762.0 90750.5 26.1 20.5 687.5 -2.6 393.0
90737.0 90749.1 26.3 13.8 674.6 -1.6 392.0
90744.0 90748.6 26.4 11.0 662.1 -1.3 390.9
90743.0 90748.1 26.5 8.2 650.4 -0.9 389.8
90746.0 90747.9 26.5 7.0 639.4 -0.7 388.7
90757.0 90749.3 26.5 11.1 629.4 -1.4 387.6
90735.0 90747.6 26.5 4.3 620.3 -0.3 386.4
90759.0 90749.1 26.4 9.4 612.2 -1.1 385.2
90734.0 90747.3 26.4 2.3 605.0 -0.0 384.0
90749.0 90747.6 26.3 2.9 598.8 -0.1 382.7
90742.0 90746.9 26.2 0.3 593.4 0.3 381.4
90751.0 90747.4 26.1 2.0 588.8 -0.0 380.2
90741.0 90746.6 26.0 -1.0 584.9 0.5 378.9
90750.0 90747.1 25.9 0.4 581.6 0.2 377.5
90743.0 90746.5 25.8 -1.5 578.9 0.5 376.2
90742.0 90745.9 25.8 -3.6 576.6 0.9 374.9
90730.0 90743.8 25.7 -10.6 574.8 2.1 373.5
90751.0 90744.6 25.6 -7.6 573.3 1.5 372.1
90736.0 90743.3 25.5 -11.3 572.2 2.2 370.7
90722.0 90740.4 25.5 -20.4 571.3 3.8 369.3
90755.0 90741.9 25.4 -14.2 570.6 2.6 367.9
90745.0 90742.1 25.4 -13.0 570.1 2.4 366.5
90756.0 90743.6 25.3 -7.1 569.6 1.3 365.1
90718.0 90740.2 25.3 -18.0 569.3 3.3 363.7
90769.0 90743.6 25.3 -5.9 569.1 1.0 362.3
90748.0 90744.0 25.2 -4.1 568.9 0.6 360.8
90739.0 90743.3 25.2 -6.3 568.8 1.0 359.4
90758.0 90745.1 25.2 -0.2 568.7 -0.2 358.0
90760.0 90746.9 25.2 6.1 568.6 -1.4 356.5
90716.0 90743.2 25.2 -7.1 568.4 1.1 355.1
90762.0 90745.4 25.2 0.8 568.3 -0.4 353.7
90740.0 90744.7 25.2 -1.6 568.2 0.0 352.2
90752.0 90745.6 25.1 1.4 568.1 -0.5 350.8
90739.0 90744.8 25.1 -1.5 567.9 -0.0 349.4
90761.0 90746.8 25.1 5.2 567.8 -1.3 348.0
90749.0 90747.2 25.1 6.0 567.6 -1.5 346.6
90767.0 90749.8 25.1 14.3 567.4 -3.0 345.2
90759.0 90751.2 25.1 18.0 567.2 -3.7 343.9
90734.0 90749.4 25.1 10.6 567.0 -2.3 342.5
90751.0 90749.7 25.1 11.2 566.8 -2.4 341.2
90772.0 90752.7 25.1 20.4 566.6 -4.1 339.8
90743.0 90751.9 25.1 16.2 566.4 -3.4 338.5
90746.0 90751.4 25.1 13.6 566.2 -2.9 337.2
90750.0 90751.5 25.1 12.8 565.9 -2.8 335.9
90744.0 90750.8 25.1 9.5 565.7 -2.2 334.6
90753.0 90751.2 25.1 10.4 565.5 -2.3 333.3
90746.0 90750.7 25.1 8.0 565.3 -1.9 332.0
90744.0 90750.0 25.1 5.1 565.1 -1.4 330.7
90745.0 90749.5 25.1 2.9 564.9 -1.0 329.5
90742.0 90748.6 25.1 -0.3 564.7 -0.5 328.3
90749.0 90748.6 25.1 -0.1 564.5 -0.5 327.0
90746.0 90748.3 25.1 -1.4 564.3 -0.3 325.8
90736.0 90746.8 25.1 -6.6 564.1 0.6 324.6
90752.0 90747.3 25.1 -4.4 564.0 0.2 323.4
90750.0 90747.6 25.1 -3.4 563.8 -0.0 322.2
90750.0 90747.8 25.1 -2.4 563.6 -0.2 321.1
90784.0 90752.3 25.1 12.7 563.5 -2.8 319.9
90771.0 90754.9 25.1 20.4 563.3 -4.1 318.8
90727.0 90751.7 25.1 8.6 563.2 -2.1 317.6
90746.0 90751.2 25.1 6.1 563.0 -1.7 316.5
90765.0 90753.0 25.0 11.8 562.9 -2.6 315.4
90767.0 90755.0 25.0 17.5 562.8 -3.6 314.3
90743.0 90753.8 25.0 12.3 562.7 -2.7 313.2
90758.0 90754.5 25.0 14.0 562.5 -3.0 312.1
90729.0 90751.6 25.0 3.2 562.4 -1.2 311.0
90749.0 90751.3 25.0 2.0 562.3 -1.0 309.9
90752.0 90751.4 25.0 2.2 562.2 -1.1 308.9
90748.0 90751.0 25.0 0.7 562.1 -0.9 307.8
90768.0 90753.2 25.0 7.7 562.0 -2.0 306.8
90738.0 90751.4 25.0 1.2 561.9 -1.0 305.7
90748.0 90751.0 25.0 -0.3 561.8 -0.7 304.7
90740.0 90749.6 25.0 -4.9 561.7 -0.0 303.7
90731.0 90747.2 25.0 -12.7 561.6 1.2 302.6
90744.0 90746.6 25.0 -14.1 561.5 1.4 301.6
90751.0 90746.9 25.0 -12.2 561.5 1.1 300.6
90766.0 90749.1 25.0 -4.3 561.4 -0.2 299.6
90766.0 90751.1 25.0 2.8 561.3 -1.3 298.7
90767.0 90753.1 25.0 9.3 561.2 -2.3 297.7
90758.0 90753.9 25.0 11.2 561.1 -2.6 296.7
90758.0 90754.6 25.0 12.8 561.0 -2.9 295.7
90772.0 90757.0 25.0 19.9 560.9 -4.0 294.8
90796.0 90762.2 25.0 36.0 560.9 -6.5 293.8
90758.0 90762.3 25.0 33.9 560.8 -6.2 292.9
90734.0 90759.4 25.0 21.8 560.7 -4.3 291.9
90756.0 90759.4 25.0 20.1 560.6 -4.1 291.0
90744.0 90757.8 25.0 13.5 560.5 -3.0 290.1
90769.0 90759.4 25.0 18.1 560.5 -3.7 289.1
90757.0 90759.4 25.0 16.8 560.4 -3.6 288.2
90748.0 90758.3 25.0 12.1 560.3 -2.8 287.3
90778.0 90761.0 25.0 20.0 560.2 -4.0 286.4
90752.0 90760.2 25.0 16.2 560.2 -3.5 285.5
90779.0 90762.8 25.0 23.8 560.1 -4.6 284.6
90764.0 90763.4 25.0 24.1 560.0 -4.7 283.7
90733.0 90760.0 25.0 11.2 559.9 -2.7 282.8
90753.0 90759.3 25.0 8.1 559.9 -2.3 281.9
90753.0 90758.7 25.0 5.4 559.8 -1.9 281.1
90760.0 90759.0 25.0 5.8 559.7 -2.0 280.2
90737.0 90756.3 25.0 -3.4 559.6 -0.6 279.3
90753.0 90755.8 25.0 -4.8 559.6 -0.4 278.5
90760.0 90756.3 25.0 -3.1 559.5 -0.7 277.6
90742.0 90754.4 25.0 -9.1 559.4 0.2 276.8
90751.0 90753.9 25.0 -10.5 559.3 0.4 275.9
90762.0 90754.7 25.0 -7.2 559.3 -0.1 275.1
90750.0 90754.0 25.0 -9.1 559.2 0.2 274.3
90767.0 90755.4 25.0 -3.7 559.1 -0.6 273.4
90780.0 90758.4 25.0 6.4 559.1 -2.1 272.6
90756.0 90758.2 25.0 5.3 559.0 -1.9 271.8
90740.0 90756.1 25.0 -2.4 558.9 -0.8 271.0
90769.0 90757.6 25.0 3.0 558.8 -1.6 270.2
90763.0 90758.4 24.9 5.1 558.8 -1.9 269.4
90753.0 90757.8 24.9 2.8 558.7 -1.6 268.6
90759.0 90758.0 24.9 3.2 558.6 -1.7 267.8
90754.0 90757.5 24.9 1.5 558.6 -1.4 267.0
90764.0 90758.4 24.9 4.1 558.5 -1.8 266.2
90755.0 90758.0 24.9 2.6 558.4 -1.6 265.4
90736.0 90755.3 24.9 -6.7 558.4 -0.3 264.7
90757.0 90755.4 24.9 -6.0 558.3 -0.4 263.9
90754.0 90755.1 24.9 -6.6 558.2 -0.4 263.1
90744.0 90753.6 24.9 -11.3 558.2 0.3 262.4
90758.0 90754.0 24.9 -9.4 558.1 0.0 261.6
90735.0 90751.4 24.9 -17.3 558.0 1.1 260.9
90762.0 90752.5 24.9 -12.9 558.0 0.5 260.1
90740.0 90750.7 24.9 -18.1 557.9 1.2 259.4
90771.0 90752.9 24.9 -9.6 557.8 -0.0 258.6
90764.0 90754.1 24.9 -5.0 557.8 -0.7 257.9
90769.0 90755.9 24.9 1.1 557.7 -1.5 257.2
90742.0 90754.2 24.9 -4.7 557.6 -0.7 256.4
90733.0 90751.4 24.9 -13.6 557.6 0.5 255.7
90766.0 90753.0 24.9 -7.5 557.5 -0.4 255.0
90761.0 90753.9 24.9 -4.3 557.4 -0.8 254.3
90751.0 90753.5 24.9 -5.5 557.4 -0.7 253.6
90747.0 90752.6 24.9 -8.2 557.3 -0.3 252.9
90775.0 90755.2 24.9 1.1 557.3 -1.6 252.1
90762.0 90756.1 24.9 3.8 557.2 -1.9 251.4
90722.0 90751.9 24.9 -10.4 557.1 -0.1 250.8
90769.0 90753.8 24.9 -3.4 557.1 -1.0 250.1
90756.0 90754.0 24.9 -2.5 557.0 -1.1 249.4
90767.0 90755.6 24.9 2.8 557.0 -1.8 248.7
90761.0 90756.3 24.9 4.9 556.9 -2.1 248.0
90739.0 90754.3 24.9 -2.4 556.8 -1.2 247.3
90756.0 90754.4 24.9 -1.7 556.8 -1.3 246.7
90750.0 90753.9 24.9 -3.6 556.7 -1.0 246.0
90756.0 90754.1 24.9 -2.8 556.7 -1.2 245.3
90761.0 90754.9 24.9 0.1 556.6 -1.5 244.7
90756.0 90755.0 24.9 0.5 556.5 -1.6 244.0
90749.0 90754.3 24.9 -2.1 556.5 -1.3 243.4
90756.0 90754.5 24.9 -1.4 556.4 -1.4 242.7
90751.0 90754.0 24.9 -2.9 556.4 -1.2 242.1
90758.0 90754.4 24.9 -1.3 556.3 -1.4 241.4
90755.0 90754.5 24.9 -1.1 556.3 -1.4 240.8
90740.0 90752.7 24.9 -7.2 556.2 -0.7 240.1
90746.0 90751.7 24.9 -10.0 556.1 -0.3 239.5
90785.0 90755.7 24.9 3.8 556.1 -2.1 238.9
90750.0 90755.0 24.9 1.4 556.0 -1.8 238.2
90746.0 90753.9 24.9 -2.4 556.0 -1.3 237.6
90732.0 90751.2 24.9 -11.5 555.9 -0.2 237.0
90755.0 90751.4 24.9 -10.0 555.9 -0.4 236.4
90738.0 90749.6 24.9 -15.5 555.8 0.3 235.8
90745.0 90748.8 24.9 -17.4 555.8 0.5 235.2
90771.0 90751.2 24.9 -8.2 555.7 -0.6 234.6
90759.0 90752.0 24.9 -5.0 555.6 -1.0 233.9
90773.0 90754.6 24.9 3.6 555.6 -2.1 233.3
90768.0 90756.3 24.9 9.1 555.5 -2.8 232.7
90761.0 90757.0 24.9 10.9 555.5 -3.0 232.2
90751.0 90756.5 24.9 8.3 555.4 -2.7 231.6
90761.0 90757.2 24.9 10.0 555.4 -3.0 231.0
90760.0 90757.7 24.9 11.0 555.3 -3.1 230.4
90775.0 90760.1 24.9 18.1 555.3 -4.0 229.8
90749.0 90759.0 24.9 13.3 555.2 -3.4 229.2
90733.0 90756.0 24.9 2.5 555.2 -2.0 228.6
90754.0 90755.8 24.9 1.6 555.1 -1.9 228.1
90744.0 90754.4 24.9 -3.3 555.1 -1.4 227.5
90746.0 90753.2 24.9 -6.8 555.0 -0.9 226.9
90749.0 90752.6 24.9 -8.7 555.0 -0.7 226.4
90754.0 90752.6 24.9 -8.1 554.9 -0.8 225.8
90727.0 90749.3 24.9 -18.6 554.9 0.5 225.2
90775.0 90752.2 24.9 -8.0 554.8 -0.8 224.7
90768.0 90754.0 24.9 -1.5 554.8 -1.6 224.1
90761.0 90754.8 24.9 1.3 554.7 -2.0 223.6
90773.0 90757.1 24.9 8.7 554.7 -2.9 223.0
90742.0 90755.4 24.9 2.4 554.6 -2.1 222.5
90747.0 90754.4 24.9 -1.1 554.6 -1.7 221.9
90737.0 90752.2 24.9 -8.4 554.5 -0.9 221.4
90772.0 90754.5 24.9 -0.2 554.5 -1.8 220.9
90757.0 90754.8 24.9 0.8 554.4 -2.0 220.3
90737.0 90752.6 24.9 -6.6 554.4 -1.1 219.8
90728.0 90749.4 24.9 -16.8 554.4 0.1 219.3
90766.0 90751.2 24.9 -10.0 554.3 -0.7 218.7
90747.0 90750.5 24.8 -11.7 554.3 -0.5 218.2
90759.0 90751.4 24.8 -8.2 554.2 -0.9 217.7
90745.0 90750.4 24.8 -10.8 554.2 -0.6 217.2
90755.0 90750.8 24.8 -8.9 554.1 -0.9 216.7
90729.0 90747.9 24.8 -17.9 554.1 0.2 216.1
90762.0 90749.4 24.8 -12.1 554.0 -0.5 215.6
90765.0 90751.1 24.8 -5.7 554.0 -1.3 215.1
90733.0 90748.7 24.8 -13.1 553.9 -0.4 214.6
90764.0 90750.4 24.8 -6.8 553.9 -1.2 214.1
90727.0 90747.4 24.8 -16.5 553.9 -0.1 213.6
90721.0 90743.8 24.8 -27.3 553.8 1.2 213.1
90742.0 90743.1 24.8 -27.9 553.8 1.2 212.6
90758.0 90744.5 24.8 -21.6 553.7 0.5 212.1
90731.0 90742.4 24.8 -27.1 553.7 1.1 211.6
90766.0 90744.9 24.8 -17.3 553.6 -0.0 211.1
90771.0 90747.8 24.8 -6.5 553.6 -1.2 210.6
90751.0 90748.1 24.8 -5.2 553.5 -1.4 210.1
90748.0 90748.0 24.8 -5.3 553.5 -1.4 209.7
90737.0 90746.5 24.8 -9.8 553.5 -0.9 209.2
90737.0 90745.2 24.8 -13.7 553.4 -0.5 208.7
90736.0 90743.8 24.8 -17.4 553.4 -0.1 208.2
90743.0 90743.4 24.8 -17.7 553.3 -0.0 207.7
90737.0 90742.3 24.8 -20.3 553.3 0.2 207.3
90737.0 90741.3 24.8 -22.4 553.3 0.5 206.8
90767.0 90744.1 24.8 -11.8 553.2 -0.7 206.3
90777.0 90748.0 24.8 1.8 553.2 -2.2 205.9
90767.0 90750.4 24.8 9.5 553.1 -3.1 205.4
90749.0 90750.4 24.8 8.8 553.1 -3.0 204.9
90746.0 90750.0 24.8 6.9 553.0 -2.8 204.5
90756.0 90750.8 24.8 9.3 553.0 -3.1 204.0
90756.0 90751.6 24.8 11.3 553.0 -3.3 203.6
90742.0 90750.6 24.8 7.3 552.9 -2.9 203.1
90760.0 90751.9 24.8 11.0 552.9 -3.3 202.7
90737.0 90750.3 24.8 4.8 552.8 -2.6 202.2
90722.0 90746.8 24.8 -6.8 552.8 -1.3 201.8
90751.0 90747.2 24.8 -5.1 552.8 -1.5 201.3
90732.0 90745.3 24.8 -11.4 552.7 -0.9 200.9
90746.0 90745.1 24.8 -11.1 552.7 -0.9 200.4
90756.0 90746.3 24.8 -6.6 552.6 -1.4 200.0
90745.0 90746.0 24.8 -7.2 552.6 -1.3 199.6
90739.0 90745.0 24.8 -10.1 552.6 -1.0 199.1
90755.0 90746.1 24.8 -6.0 552.5 -1.5 198.7
90745.0 90745.9 24.8 -6.5 552.5 -1.4 198.3
90753.0 90746.6 24.8 -3.6 552.5 -1.8 197.8
90754.0 90747.5 24.8 -0.6 552.4 -2.1 197.4
90760.0 90749.0 24.8 4.5 552.4 -2.6 197.0
90775.0 90752.3 24.8 15.1 552.3 -3.7 196.5
90748.0 90752.1 24.8 13.2 552.3 -3.5 196.1
90754.0 90752.5 24.8 13.9 552.3 -3.6 195.7
90749.0 90752.3 24.8 12.3 552.2 -3.5 195.3
90738.0 90750.8 24.8 6.3 552.2 -2.8 194.9
90759.0 90751.9 24.8 9.6 552.2 -3.2 194.4
90767.0 90753.9 24.8 15.7 552.1 -3.8 194.0
90757.0 90754.6 24.8 16.8 552.1 -3.9 193.6
90739.0 90753.0 24.8 10.2 552.0 -3.3 193.2
90754.0 90753.3 24.8 10.6 552.0 -3.3 192.8
90746.0 90752.5 24.8 7.5 552.0 -3.0 192.4
90775.0 90755.5 24.8 16.6 551.9 -3.9 192.0
90733.0 90753.0 24.8 7.2 551.9 -3.0 191.6
90740.0 90751.5 24.8 1.8 551.9 -2.4 191.2
90777.0 90754.7 24.8 12.2 551.8 -3.5 190.8
90755.0 90754.9 24.8 12.2 551.8 -3.5 190.4
90761.0 90755.9 24.8 14.6 551.8 -3.7 190.0
90742.0 90754.4 24.8 8.8 551.7 -3.1 189.6
90753.0 90754.4 24.8 8.1 551.7 -3.1 189.2
90740.0 90752.8 24.8 2.2 551.7 -2.5 188.8
90773.0 90755.3 24.8 10.2 551.6 -3.3 188.4
90750.0 90754.8 24.8 7.9 551.6 -3.1 188.0
90713.0 90749.8 24.8 -9.4 551.6 -1.3 187.6
90747.0 90749.3 24.8 -10.4 551.5 -1.2 187.3
90747.0 90748.8 24.8 -11.4 551.5 -1.1 186.9
90761.0 90750.1 24.8 -6.4 551.5 -1.6 186.5
90785.0 90754.3 24.8 7.6 551.4 -3.1 186.1
90758.0 90754.9 24.8 9.2 551.4 -3.2 185.7
90753.0 90754.8 24.8 8.3 551.4 -3.1 185.4
90775.0 90757.5 24.8 16.8 551.3 -4.0 185.0
90769.0 90759.2 24.8 21.4 551.3 -4.4 184.6
90758.0 90759.4 24.8 21.0 551.3 -4.3 184.2
90746.0 90758.1 24.8 17.6 551.2 -3.8 183.9
90741.0 90756.3 24.8 14.4 551.2 -3.1 183.5
90756.0 90756.5 24.8 17.1 551.2 -3.1 183.1
90739.0 90754.7 24.8 14.0 551.1 -2.3 182.8
90747.0 90754.0 24.8 19.6 551.1 -2.0 182.4
90743.0 90752.9 24.8 24.7 551.1 -1.6 182.0
90755.0 90753.6 24.8 35.3 551.0 -1.6 181.7
90768.0 90756.0 24.8 54.0 551.0 -2.2 181.3
90756.0 90757.0 24.8 65.9 551.0 -2.1 180.9
90774.0 90760.2 24.8 83.3 550.9 -2.7 180.6
90762.0 90761.9 24.8 95.2 550.9 -2.7 180.2
90733.0 90760.0 24.8 93.2 550.9 -1.5 179.9
90764.0 90762.1 24.8 106.6 550.8 -1.6 179.5
90748.0 90762.2 24.8 114.0 550.8 -1.0 179.2
90744.0 90762.0 24.8 117.8 550.8 -0.2 178.8
90755.0 90763.2 24.8 122.9 550.7 0.2 178.5
90770.0 90766.2 24.8 130.2 550.7 0.0 178.1
90783.0 90770.5 24.8 139.0 550.7 -0.5 177.8
90798.0 90776.4 24.8 154.2 550.7 -1.5 177.4
90816.0 90784.0 24.8 173.7 550.6 -2.9 177.1
90792.0 90788.0 24.8 180.7 550.6 -3.1 176.7
90799.0 90792.6 24.8 189.4 550.6 -3.4 176.4
90800.0 90796.8 24.8 198.6 550.5 -3.5 176.1
90806.0 90801.4 24.8 208.3 550.5 -3.7 175.7
90810.0 90806.1 24.8 214.6 550.5 -3.9 175.4
90818.0 90811.4 24.8 217.4 550.4 -4.2 175.1
90830.0 90817.5 24.8 221.4 550.4 -4.7 174.7
90808.0 90820.2 24.8 216.1 550.4 -4.2 174.4
90826.0 90824.7 24.8 216.3 550.4 -4.3 174.1
90816.0 90827.4 24.8 210.9 550.3 -3.8 173.7
90857.0 90834.8 24.8 220.5 550.3 -4.7 173.4
90815.0 90836.2 24.8 206.0 550.3 -3.8 173.1
90846.0 90841.0 24.8 202.4 550.2 -4.0 172.7
90831.0 90843.3 24.8 195.1 550.2 -3.5 172.4
90825.0 90844.5 24.8 184.4 550.2 -2.6 172.1
90856.0 90849.1 24.8 185.7 550.2 -2.9 171.8
90874.0 90855.4 24.8 192.2 550.1 -3.7 171.4
90882.0 90862.1 24.8 199.0 550.1 -4.6 171.1
90860.0 90865.3 24.8 192.3 550.1 -4.4 170.8
90851.0 90866.9 24.8 177.3 550.0 -3.7 170.5
90877.0 90871.3 24.8 172.2 550.0 -3.9 170.2
90857.0 90872.5 24.8 161.3 550.0 -3.3 169.9
90857.0 90873.4 24.8 155.9 550.0 -2.6 169.5
90866.0 90875.2 24.8 156.4 549.9 -2.2 169.2
90873.0 90877.7 24.8 157.0 549.9 -2.0 168.9
90889.0 90881.9 24.8 158.9 549.9 -2.3 168.6
90872.0 90883.4 24.8 148.6 549.8 -1.8 168.3
90898.0 90887.8 24.8 145.0 549.8 -2.2 168.0
90887.0 90890.3 24.8 136.3 549.8 -2.1 167.7
90868.0 90889.9 24.8 124.0 549.8 -1.2 167.4
90899.0 90893.2 24.8 126.1 549.7 -1.4 167.1
90897.0 90895.9 24.7 119.6 549.7 -1.5 166.8
90886.0 90896.8 24.7 104.0 549.7 -1.0 166.5
90902.0 90899.2 24.7 97.5 549.7 -1.1 166.2
90878.0 90898.3 24.7 83.2 549.6 -0.3 165.9
90894.0 90899.2 24.7 75.8 549.6 -0.1 165.6
90886.0 90898.9 24.7 64.5 549.6 0.5 165.3
90886.0 90898.5 24.7 54.2 549.6 1.0 165.0
90899.0 90899.5 24.7 49.6 549.5 1.0 164.7
90908.0 90901.4 24.7 50.1 549.5 0.7 164.4
90893.0 90901.2 24.7 43.1 549.5 1.1 164.1
90877.0 90899.0 24.7 28.9 549.4 2.0 163.8
90926.0 90902.8 24.7 36.8 549.4 1.0 163.5
90922.0 90905.9 24.7 41.5 549.4 0.4 163.2
90900.0 90905.9 24.7 35.7 549.4 0.6 162.9
90909.0 90906.9 24.7 32.2 549.3 0.5 162.6
90921.0 90909.2 24.7 30.4 549.3 0.0 162.3
90942.0 90913.8 24.7 34.7 549.3 -1.1 162.0
90938.0 90917.4 24.7 36.8 549.3 -1.9 161.8
90890.0 90914.6 24.7 19.5 549.2 -0.9 161.5
90924.0 90916.1 24.7 21.1 549.2 -1.3 161.2
90898.0 90914.3 24.7 10.6 549.2 -0.6 160.9
90896.0 90912.2 24.7 2.1 549.2 0.1 160.6
90902.0 90911.0 24.7 -6.7 549.1 0.4 160.3
90904.0 90910.0 24.7 -15.0 549.1 0.7 160.1
90926.0 90911.7 24.7 -13.3 549.1 0.1 159.8
90919.0 90912.4 24.7 -20.5 549.1 -0.2 159.5
90919.0 90912.8 24.7 -19.7 549.0 -0.4 159.2
90908.0 90911.9 24.7 -24.2 549.0 -0.3 159.0
90902.0 90910.2 24.7 -32.7 549.0 0.1 158.7
90937.0 90913.0 24.7 -28.1 549.0 -0.9 158.4
90936.0 90915.3 24.7 -26.2 549.0 -1.7 158.1
90921.0 90915.6 24.7 -31.4 548.9 -1.9 157.9
90918.0 90915.3 24.7 -29.7 548.9 -2.1 157.6
90883.0 90910.8 24.7 -44.0 548.9 -0.9 157.3
90894.0 90908.0 24.7 -53.1 548.9 -0.4 157.0
90919.0 90908.4 24.7 -52.9 548.8 -0.8 156.8
90918.0 90908.7 24.7 -56.6 548.8 -1.2 156.5
90904.0 90907.1 24.7 -71.5 548.8 -1.1 156.2
90926.0 90908.2 24.7 -72.0 548.8 -1.8 156.0
90904.0 90906.4 24.7 -76.9 548.7 -1.7 155.7
90909.0 90905.4 24.7 -75.3 548.7 -1.8 155.5
90883.0 90901.3 24.7 -86.5 548.7 -1.1 155.2
90896.0 90899.1 24.7 -91.3 548.7 -1.0 154.9
90910.0 90898.9 24.7 -86.1 548.6 -1.4 154.7
90887.0 90895.9 24.7 -88.8 548.6 -1.1 154.4
90917.0 90896.9 24.7 -78.7 548.6 -1.8 154.1
90902.0 90896.2 24.7 -73.2 548.6 -2.1 153.9
90905.0 90896.0 24.7 -63.2 548.6 -2.4 153.6
90914.0 90897.1 24.7 -49.3 548.5 -3.1 153.4
90902.0 90896.9 24.7 -41.1 548.5 -3.3 153.1
90896.0 90896.0 24.7 -37.9 548.5 -3.3 152.9
90891.0 90894.7 24.7 -41.3 548.5 -3.1 152.6
90884.0 90892.7 24.7 -48.9 548.4 -2.8 152.4
90886.0 90891.0 24.7 -51.1 548.4 -2.6 152.1
90895.0 90890.6 24.7 -46.4 548.4 -2.8 151.9
90908.0 90891.9 24.7 -39.4 548.4 -3.4 151.6
90870.0 90888.5 24.7 -52.5 548.4 -2.7 151.4
90886.0 90887.3 24.7 -62.2 548.3 -2.6 151.1
90871.0 90884.2 24.7 -80.4 548.3 -2.1 150.9
90911.0 90886.1 24.7 -80.1 548.3 -3.1 150.6
90904.0 90886.9 24.7 -78.4 548.3 -3.7 150.4
90895.0 90886.5 24.7 -79.3 548.2 -4.0 150.1
90890.0 90885.6 24.7 -88.0 548.2 -4.2 149.9
90888.0 90884.3 24.7 -102.3 548.2 -4.3 149.6
90864.0 90880.0 24.7 -126.3 548.2 -3.7 149.4
90884.0 90878.3 24.7 -136.2 548.2 -3.9 149.1
90876.0 90875.6 24.7 -142.1 548.1 -4.0 148.9
90878.0 90873.4 24.7 -141.8 548.1 -4.1 148.7
90893.0 90873.4 24.7 -137.5 548.1 -4.9 148.4
90874.0 90871.0 24.7 -145.5 548.1 -5.0 148.2
90855.0 90866.5 24.7 -159.0 548.1 -4.5 147.9
90870.0 90864.1 24.7 -161.3 548.0 -4.8 147.7
90866.0 90861.5 24.7 -171.8 548.0 -4.9 147.5
90848.0 90856.9 24.7 -185.1 548.0 -4.6 147.2
90851.0 90852.9 24.7 -186.7 548.0 -4.5 147.0
90859.0 90850.4 24.7 -187.0 547.9 -4.9 146.8
90842.0 90846.1 24.7 -197.1 547.9 -4.7 146.5
90855.0 90843.7 24.7 -194.8 547.9 -5.1 146.3
90818.0 90837.1 24.7 -184.4 547.9 -4.4 146.1
90805.0 90829.9 24.7 -165.4 547.9 -3.5 145.8
90814.0 90825.1 24.7 -149.6 547.8 -3.1 145.6
90834.0 90823.5 24.7 -141.0 547.8 -3.5 145.4
90816.0 90820.1 24.7 -148.6 547.8 -3.3 145.1
90827.0 90818.4 24.7 -150.2 547.8 -3.6 144.9
90817.0 90815.6 24.7 -149.6 547.8 -3.7 144.7
90845.0 90816.6 24.7 -127.7 547.7 -4.7 144.5
90784.0 90810.3 24.7 -129.0 547.7 -3.8 144.2
90795.0 90806.2 24.7 -125.0 547.7 -3.4 144.0
90797.0 90802.9 24.7 -121.0 547.7 -3.2 143.8
90791.0 90799.3 24.7 -121.3 547.7 -2.9 143.6
90807.0 90798.1 24.7 -116.3 547.6 -3.2 143.3
90788.0 90794.8 24.7 -117.7 547.6 -2.9 143.1
90774.0 90790.2 24.7 -120.2 547.6 -2.3 142.9
90777.0 90786.4 24.7 -115.1 547.6 -2.0 142.7
90782.0 90783.9 24.7 -104.4 547.6 -1.9 142.4
90777.0 90781.2 24.7 -97.1 547.5 -1.8 142.2
90783.0 90779.7 24.7 -89.7 547.5 -1.9 142.0
90786.0 90778.9 24.7 -86.5 547.5 -2.2 141.8
90774.0 90776.8 24.7 -88.8 547.5 -2.1 141.6
90779.0 90775.5 24.7 -86.6 547.5 -2.2 141.4
90762.0 90772.3 24.7 -89.2 547.4 -1.8 141.1
90781.0 90771.8 24.7 -79.0 547.4 -2.1 140.9
90778.0 90771.2 24.7 -70.4 547.4 -2.4 140.7
90787.0 90771.9 24.7 -60.8 547.4 -2.9 140.5
90764.0 90769.9 24.7 -64.2 547.4 -2.7 140.3
90760.0 90767.5 24.7 -69.4 547.4 -2.4 140.1
90754.0 90764.6 24.7 -72.8 547.3 -2.1 139.9
90756.0 90762.3 24.7 -68.3 547.3 -1.8 139.6
90759.0 90760.7 24.7 -61.6 547.3 -1.8 139.4
90756.0 90759.0 24.7 -57.8 547.3 -1.7 139.2
90728.0 90754.2 24.7 -68.1 547.3 -0.8 139.0
90764.0 90754.2 24.7 -63.1 547.2 -1.1 138.8
90750.0 90752.6 24.7 -64.2 547.2 -1.0 138.6
90753.0 90751.5 24.7 -63.8 547.2 -1.1 138.4
90763.0 90751.8 24.7 -57.0 547.2 -1.5 138.2
90742.0 90749.6 24.7 -55.7 547.2 -1.2 138.0
90732.0 90746.5 24.7 -56.8 547.2 -0.7 137.8
90754.0 90746.4 24.7 -50.5 547.1 -1.0 137.6
90758.0 90746.9 24.7 -43.9 547.1 -1.3 137.4
90760.0 90747.8 24.7 -37.1 547.1 -1.8 137.2
90726.0 90744.4 24.7 -44.7 547.1 -1.1 136.9
90746.0 90743.9 24.7 -42.0 547.1 -1.2 136.7
90758.0 90744.9 24.7 -33.3 547.0 -1.6 136.5
90771.0 90747.5 24.7 -19.2 547.0 -2.5 136.3
90766.0 90749.5 24.7 -6.6 547.0 -3.0 136.1
90748.0 90749.2 24.7 -0.5 547.0 -3.0 135.9
90766.0 90751.2 24.7 13.2 547.0 -3.5 135.7
90765.0 90753.2 24.7 25.7 547.0 -3.9 135.5
90742.0 90752.2 24.7 28.2 546.9 -3.5 135.3
90756.0 90753.2 24.7 37.7 546.9 -3.6 135.1
90754.0 90754.0 24.7 46.5 546.9 -3.6 134.9
90755.0 90754.9 24.7 56.2 546.9 -3.6 134.8
90764.0 90757.0 24.7 68.9 546.9 -3.9 134.6
90744.0 90756.6 24.7 71.7 546.9 -3.5 134.4
90757.0 90757.9 24.7 79.0 546.8 -3.4 134.2
90771.0 90760.9 24.7 91.0 546.8 -3.8 134.0
90768.0 90763.4 24.7 101.0 546.8 -3.9 133.8
90753.0 90763.9 24.7 102.5 546.8 -3.6 133.6
90773.0 90766.8 24.7 110.0 546.8 -3.8 133.4
90777.0 90770.0 24.7 116.6 546.7 -4.0 133.2
90762.0 90771.0 24.7 114.6 546.7 -3.7 133.0
90775.0 90773.5 24.7 116.2 546.7 -3.7 132.8
90795.0 90778.2 24.7 126.7 546.7 -4.3 132.6
90792.0 90782.1 24.7 135.5 546.7 -4.6 132.4
90794.0 90786.0 24.7 142.9 546.7 -4.9 132.2
90769.0 90786.4 24.7 136.5 546.6 -4.3 132.1
90788.0 90789.0 24.7 136.2 546.6 -4.3 131.9
90788.0 90791.2 24.7 133.1 546.6 -4.2 131.7
90783.0 90792.6 24.7 125.7 546.6 -3.9 131.5
90792.0 90794.7 24.7 121.3 546.6 -3.8 131.3
90775.0 90794.4 24.7 109.6 546.6 -3.1 131.1
90816.0 90799.0 24.7 114.4 546.5 -3.7 130.9
90814.0 90802.9 24.7 115.6 546.5 -4.1 130.8
90800.0 90804.5 24.7 111.3 546.5 -3.9 130.6
90812.0 90807.4 24.7 111.9 546.5 -4.1 130.4
90805.0 90809.1 24.7 107.2 546.5 -3.9 130.2
90828.0 90813.3 24.7 109.6 546.5 -4.4 130.0
90810.0 90814.8 24.7 99.9 546.5 -4.3 129.8
90817.0 90816.8 24.7 90.9 546.4 -4.3 129.7
90828.0 90819.8 24.7 86.7 546.4 -4.5 129.5
90833.0 90823.0 24.7 85.2 546.4 -4.9 129.3
90807.0 90822.5 24.7 75.1 546.4 -4.3 129.1
90827.0 90824.4 24.7 74.4 546.4 -4.4 128.9
90840.0 90827.6 24.7 78.7 546.4 -4.8 128.8
90841.0 90830.6 24.7 81.6 546.3 -5.2 128.6
90836.0 90832.7 24.7 80.9 546.3 -5.3 128.4
90808.0 90831.1 24.7 68.2 546.3 -4.5 128.2
90815.0 90830.3 24.7 59.9 546.3 -4.0 128.0
90836.0 90832.0 24.7 62.6 546.3 -4.2 127.9
90822.0 90831.9 24.7 58.3 546.3 -3.9 127.7
90825.0 90832.1 24.7 53.5 546.2 -3.6 127.5
90857.0 90836.1 24.7 60.4 546.2 -4.3 127.3
90818.0 90834.9 24.7 50.0 546.2 -3.8 127.2
90825.0 90834.6 24.7 44.7 546.2 -3.4 127.0
90845.0 90836.6 24.7 48.6 546.2 -3.7 126.8
90838.0 90837.7 24.7 48.5 546.2 -3.7 126.6
90867.0 90842.1 24.7 59.1 546.2 -4.5 126.5
90838.0 90842.7 24.7 54.5 546.1 -4.4 126.3
90848.0 90844.3 24.7 52.5 546.1 -4.5 126.1
90838.0 90844.4 24.7 47.0 546.1 -4.3 126.0
90830.0 90843.5 24.7 38.1 546.1 -3.9 125.8
90856.0 90845.7 24.7 40.4 546.1 -4.2 125.6
90871.0 90849.5 24.7 48.3 546.1 -4.9 125.4
90847.0 90850.1 24.7 43.4 546.0 -4.8 125.3
90836.0 90849.1 24.7 33.8 546.0 -4.4 125.1
90840.0 90848.6 24.7 27.1 546.0 -4.1 124.9
90855.0 90849.8 24.7 27.5 546.0 -4.2 124.8
90837.0 90848.7 24.7 21.8 546.0 -3.9 124.6
90874.0 90852.2 24.7 31.9 546.0 -4.6 124.4
90876.0 90855.7 24.7 41.1 546.0 -5.2 124.3
90830.0 90853.3 24.7 29.1 545.9 -4.5 124.1
90850.0 90853.4 24.7 25.2 545.9 -4.4 123.9
90891.0 90858.5 24.7 37.3 545.9 -5.4 123.8
90867.0 90860.2 24.7 37.5 545.9 -5.6 123.6
90827.0 90856.7 24.7 21.5 545.9 -4.7 123.4
90843.0 90855.4 24.7 12.7 545.9 -4.3 123.3
90865.0 90856.8 24.7 13.2 545.9 -4.5 123.1
90826.0 90853.2 24.7 -1.3 545.8 -3.7 122.9
90825.0 90849.7 24.7 -15.2 545.8 -2.9 122.8
90846.0 90849.0 24.7 -20.4 545.8 -2.8 122.6
90854.0 90849.3 24.7 -22.3 545.8 -3.0 122.5
90830.0 90846.5 24.7 -32.7 545.8 -2.5 122.3
90868.0 90848.6 24.7 -25.8 545.8 -3.1 122.1
90847.0 90847.9 24.7 -27.6 545.8 -3.0 122.0
90843.0 90846.8 24.7 -29.8 545.7 -2.9 121.8
90854.0 90847.2 24.7 -28.4 545.7 -3.1 121.7
90864.0 90848.8 24.7 -24.3 545.7 -3.6 121.5
90849.0 90848.4 24.7 -27.6 545.7 -3.6 121.3
90851.0 90848.2 24.7 -29.5 545.7 -3.7 121.2
90863.0 90849.5 24.7 -25.0 545.7 -4.1 121.0
90870.0 90851.6 24.7 -16.7 545.7 -4.7 120.9
90857.0 90852.0 24.7 -15.3 545.6 -4.8 120.7
90844.0 90850.7 24.7 -19.1 545.6 -4.6 120.6
90845.0 90849.7 24.7 -21.6 545.6 -4.5 120.4
90817.0 90845.3 24.7 -35.2 545.6 -3.6 120.2
90838.0 90843.8 24.7 -38.3 545.6 -3.4 120.1
90856.0 90844.6 24.7 -33.1 545.6 -3.8 119.9
90849.0 90844.6 24.7 -30.5 545.6 -3.9 119.8
90833.0 90842.6 24.7 -35.8 545.5 -3.6 119.6
90814.0 90838.4 24.7 -48.0 545.5 -2.9 119.5
90863.0 90840.6 24.7 -37.8 545.5 -3.6 119.3
90839.0 90839.8 24.7 -38.3 545.5 -3.5 119.2
90866.0 90842.3 24.7 -28.1 545.5 -4.3 119.0
90853.0 90843.1 24.7 -24.5 545.5 -4.6 118.9
90843.0 90842.7 24.7 -25.6 545.5 -4.6 118.7
90847.0 90842.8 24.7 -24.3 545.5 -4.7 118.6
90827.0 90840.4 24.7 -31.0 545.4 -4.3 118.4
90824.0 90837.8 24.7 -37.6 545.4 -3.9 118.3
90845.0 90838.1 24.7 -34.8 545.4 -4.1 118.1
90853.0 90839.3 24.7 -29.1 545.4 -4.5 118.0
90815.0 90835.8 24.7 -40.0 545.4 -3.9 117.8
90850.0 90836.9 24.7 -36.2 545.4 -4.3 117.7
90821.0 90834.3 24.7 -43.3 545.4 -3.9 117.5
90836.0 90833.7 24.7 -42.0 545.3 -3.9 117.4
90822.0 90831.5 24.7 -45.9 545.3 -3.7 117.2
90832.0 90830.8 24.7 -45.4 545.3 -3.7 117.1
90830.0 90829.9 24.7 -46.4 545.3 -3.7 116.9
90851.0 90831.7 24.7 -39.2 545.3 -4.3 116.8
90831.0 90830.9 24.7 -41.0 545.3 -4.3 116.6
90830.0 90830.1 24.7 -43.1 545.3 -4.3 116.5
90822.0 90828.3 24.7 -47.6 545.3 -4.1 116.3
90848.0 90829.9 24.7 -38.5 545.2 -4.6 116.2
90820.0 90828.0 24.7 -39.1 545.2 -4.4 116.0
90805.0 90824.5 24.7 -42.9 545.2 -3.8 115.9
90823.0 90823.6 24.7 -38.2 545.2 -3.8 115.8
90835.0 90824.3 24.6 -29.5 545.2 -4.1 115.6
90839.0 90825.6 24.6 -21.5 545.2 -4.5 115.5
90785.0 90820.2 24.6 -36.9 545.2 -3.5 115.3
90808.0 90818.1 24.6 -41.1 545.2 -3.2 115.2
90850.0 90821.3 24.6 -29.5 545.1 -4.0 115.0
90824.0 90821.1 24.6 -26.1 545.1 -4.1 114.9
90832.0 90822.0 24.6 -19.8 545.1 -4.4 114.8
90840.0 90823.9 24.6 -10.4 545.1 -4.8 114.6
90823.0 90823.6 24.6 -8.3 545.1 -4.8 114.5
90823.0 90823.4 24.6 -6.7 545.1 -4.8 114.3
90812.0 90821.8 24.6 -10.4 545.1 -4.5 114.2
90816.0 90820.9 24.6 -12.5 545.1 -4.4 114.1
90846.0 90823.8 24.6 -3.1 545.0 -5.0 113.9
90822.0 90823.5 24.6 -4.5 545.0 -5.0 113.8
90824.0 90823.5 24.6 -4.2 545.0 -5.0 113.6
90814.0 90822.3 24.6 -6.6 545.0 -4.8 113.5
90814.0 90821.1 24.6 -7.6 545.0 -4.6 113.4
90810.0 90819.6 24.6 -11.1 545.0 -4.3 113.2
90825.0 90820.1 24.6 -7.0 545.0 -4.4 113.1
90817.0 90819.6 24.6 -7.9 545.0 -4.4 113.0
90827.0 90820.4 24.6 -4.9 544.9 -4.5 112.8
90851.0 90824.0 24.6 7.2 544.9 -5.3 112.7
90812.0 90822.7 24.6 2.2 544.9 -5.0 112.5
90794.0 90819.2 24.6 -9.1 544.9 -4.3 112.4
90811.0 90818.0 24.6 -11.7 544.9 -4.1 112.3
90813.0 90817.2 24.6 -12.5 544.9 -4.0 112.1
90820.0 90817.3 24.6 -9.5 544.9 -4.1 112.0
90809.0 90816.1 24.6 -11.0 544.9 -3.8 111.9
90816.0 90815.9 24.6 -10.1 544.9 -3.9 111.7
90821.0 90816.4 24.6 -7.7 544.8 -4.0 111.6
90795.0 90813.6 24.6 -16.6 544.8 -3.5 111.5
90821.0 90814.2 24.6 -14.2 544.8 -3.6 111.3
90825.0 90815.3 24.6 -9.5 544.8 -3.9 111.2
90814.0 90815.0 24.6 -9.1 544.8 -3.9 111.1
90816.0 90814.9 24.6 -8.7 544.8 -3.9 110.9
90809.0 90814.1 24.6 -9.5 544.8 -3.8 110.8
90826.0 90815.4 24.6 -4.2 544.8 -4.1 110.7
90821.0 90816.0 24.6 -2.0 544.7 -4.2 110.6
90800.0 90814.0 24.6 -8.3 544.7 -3.8 110.4
90821.0 90814.7 24.6 -5.0 544.7 -4.0 110.3
90813.0 90814.4 24.6 -5.4 544.7 -4.0 110.2
90818.0 90814.8 24.6 -3.4 544.7 -4.1 110.0
90814.0 90814.6 24.6 -3.0 544.7 -4.0 109.9
90804.0 90813.2 24.6 -6.7 544.7 -3.8 109.8
90817.0 90813.6 24.6 -4.3 544.7 -3.9 109.6
90820.0 90814.3 24.6 -0.9 544.7 -4.0 109.5
90810.0 90813.8 24.6 -2.5 544.6 -3.9 109.4
90826.0 90815.2 24.6 2.5 544.6 -4.2 109.3
90824.0 90816.3 24.6 5.7 544.6 -4.4 109.1
90834.0 90818.6 24.6 12.7 544.6 -4.9 109.0
90821.0 90819.1 24.6 13.9 544.6 -4.9 108.9
90824.0 90820.0 24.6 16.4 544.6 -5.0 108.8
90824.0 90820.8 24.6 18.1 544.6 -5.1 108.6
90807.0 90819.4 24.6 12.7 544.6 -4.8 108.5
90833.0 90821.3 24.6 18.3 544.6 -5.1 108.4
90825.0 90822.1 24.6 19.6 544.5 -5.2 108.3
90831.0 90823.5 24.6 22.9 544.5 -5.4 108.1
90808.0 90822.0 24.6 16.2 544.5 -5.0 108.0
90818.0 90821.8 24.6 14.2 544.5 -4.9 107.9
90833.0 90823.4 24.6 18.8 544.5 -5.2 107.8
90818.0 90823.1 24.6 17.7 544.5 -5.0 107.6
90828.0 90824.0 24.6 20.6 544.5 -5.1 107.5
90830.0 90825.1 24.6 23.5 544.5 -5.3 107.4
90831.0 90826.2 24.6 25.7 544.5 -5.4 107.3
90806.0 90824.2 24.6 17.1 544.4 -4.9 107.1
90808.0 90822.5 24.6 10.2 544.4 -4.5 107.0
90803.0 90820.3 24.6 2.0 544.4 -4.0 106.9
90817.0 90819.9 24.6 0.7 544.4 -4.0 106.8
90822.0 90820.2 24.6 1.0 544.4 -4.0 106.7
90806.0 90818.5 24.6 -4.9 544.4 -3.7 106.5
90832.0 90820.0 24.6 0.3 544.4 -4.0 106.4
90806.0 90818.3 24.6 -3.7 544.4 -3.7 106.3
90806.0 90816.7 24.6 -8.7 544.4 -3.4 106.2
90817.0 90816.6 24.6 -8.6 544.4 -3.4 106.1
90836.0 90818.8 24.6 -0.7 544.3 -3.8 105.9
90841.0 90821.6 24.6 8.3 544.3 -4.4 105.8
90796.0 90818.6 24.6 -2.1 544.3 -3.8 105.7
90836.0 90820.7 24.6 5.0 544.3 -4.2 105.6
90824.0 90821.2 24.6 6.3 544.3 -4.2 105.5
90810.0 90819.9 24.6 1.8 544.3 -4.0 105.3
90820.0 90820.0 24.6 2.1 544.3 -4.0 105.2
90819.0 90819.9 24.6 1.6 544.3 -4.0 105.1
90816.0 90819.4 24.6 -0.3 544.3 -3.9 105.0
90835.0 90821.3 24.6 6.2 544.2 -4.2 104.9
90816.0 90820.8 24.6 3.9 544.2 -4.1 104.8
90805.0 90818.9 24.6 -2.6 544.2 -3.7 104.6
90820.0 90819.0 24.6 -2.2 544.2 -3.8 104.5
90809.0 90817.7 24.6 -6.2 544.2 -3.5 104.4
90825.0 90818.5 24.6 -3.2 544.2 -3.7 104.3
90794.0 90815.4 24.6 -13.2 544.2 -3.1 104.2
90809.0 90814.4 24.6 -15.8 544.2 -3.0 104.1
90840.0 90817.3 24.6 -5.4 544.2 -3.6 103.9
90799.0 90814.9 24.6 -12.7 544.2 -3.2 103.8
90789.0 90811.5 24.6 -23.1 544.1 -2.6 103.7
90824.0 90812.7 24.6 -18.0 544.1 -2.9 103.6
90831.0 90814.6 24.6 -10.4 544.1 -3.3 103.5
90851.0 90818.9 24.6 4.4 544.1 -4.1 103.4
90830.0 90820.3 24.6 8.8 544.1 -4.4 103.3
90832.0 90821.9 24.6 13.5 544.1 -4.7 103.1
90830.0 90823.2 24.6 16.7 544.1 -4.8 103.0
90832.0 90824.6 24.6 20.1 544.1 -5.0 102.9
90821.0 90824.5 24.6 18.5 544.1 -4.9 102.8
90813.0 90823.4 24.6 13.8 544.1 -4.7 102.7
90803.0 90821.1 24.6 5.4 544.0 -4.2 102.6
90836.0 90823.0 24.6 11.3 544.0 -4.5 102.5
90845.0 90825.9 24.6 20.1 544.0 -5.0 102.4
90826.0 90826.3 24.6 19.9 544.0 -5.0 102.2
90808.0 90824.4 24.6 12.4 544.0 -4.6 102.1
90829.0 90825.2 24.6 14.1 544.0 -4.7 102.0
90851.0 90828.6 24.6 24.4 544.0 -5.3 101.9
90828.0 90829.0 24.6 23.9 544.0 -5.2 101.8
90792.0 90824.8 24.6 8.8 544.0 -4.4 101.7
90846.0 90827.6 24.6 17.3 544.0 -4.9 101.6
90810.0 90825.7 24.6 10.1 543.9 -4.5 101.5
90827.0 90826.1 24.6 10.4 543.9 -4.5 101.4
90812.0 90824.5 24.6 4.6 543.9 -4.2 101.3
90820.0 90824.0 24.6 2.7 543.9 -4.1 101.1
90834.0 90825.3 24.6 6.7 543.9 -4.3 101.0
90823.0 90825.1 24.6 5.7 543.9 -4.2 100.9
90827.0 90825.5 24.6 6.4 543.9 -4.3 100.8
90810.0 90823.7 24.6 0.1 543.9 -3.9 100.7
90827.0 90824.1 24.6 1.4 543.9 -4.0 100.6
90843.0 90826.4 24.6 9.0 543.9 -4.4 100.5
90826.0 90826.5 24.6 8.8 543.9 -4.4 100.4
90836.0 90827.9 24.6 12.5 543.8 -4.6 100.3
90839.0 90829.4 24.6 16.9 543.8 -4.9 100.2
90825.0 90829.2 24.6 15.0 543.8 -4.8 100.1
90831.0 90829.7 24.6 15.6 543.8 -4.8 100.0
90836.0 90830.7 24.6 18.1 543.8 -4.9 99.9
90821.0 90829.9 24.6 14.0 543.8 -4.7 99.8
90804.0 90826.9 24.6 3.4 543.8 -4.1 99.7
90807.0 90824.5 24.6 -4.6 543.8 -3.7 99.5
90847.0 90827.2 24.6 4.4 543.8 -4.2 99.4
90814.0 90825.7 24.6 -0.9 543.8 -3.9 99.3
90815.0 90824.3 24.6 -5.2 543.7 -3.7 99.2
90815.0 90823.1 24.6 -9.0 543.7 -3.5 99.1
90816.0 90822.1 24.6 -11.9 543.7 -3.3 99.0
90800.0 90819.1 24.6 -20.8 543.7 -2.8 98.9
90821.0 90819.0 24.6 -19.9 543.7 -2.9 98.8
90834.0 90820.5 24.6 -13.7 543.7 -3.2 98.7
90811.0 90819.1 24.6 -17.5 543.7 -3.0 98.6
90812.0 90817.9 24.6 -20.2 543.7 -2.9 98.5
90832.0 90819.3 24.6 -14.4 543.7 -3.2 98.4
90845.0 90822.2 24.6 -3.9 543.7 -3.7 98.3
90803.0 90819.8 24.6 -11.7 543.7 -3.3 98.2
90831.0 90821.0 24.6 -7.0 543.6 -3.6 98.1
90825.0 90821.3 24.6 -5.4 543.6 -3.7 98.0
90820.0 90821.1 24.6 -5.9 543.6 -3.6 97.9
90807.0 90819.2 24.6 -11.5 543.6 -3.3 97.8
90807.0 90817.5 24.6 -16.4 543.6 -3.1 97.7
90821.0 90817.7 24.6 -14.9 543.6 -3.2 97.6
90830.0 90818.9 24.6 -9.8 543.6 -3.4 97.5
90839.0 90821.2 24.6 -1.7 543.6 -3.9 97.4
90793.0 90817.7 24.6 -13.1 543.6 -3.3 97.3
90822.0 90818.0 24.6 -11.3 543.6 -3.4 97.2
90822.0 90818.3 24.6 -9.6 543.6 -3.5 97.1
90820.0 90818.4 24.6 -8.8 543.6 -3.5 97.0
90805.0 90816.6 24.6 -14.2 543.5 -3.2 96.9
90808.0 90815.3 24.6 -17.6 543.5 -3.0 96.8
90824.0 90816.0 24.6 -14.0 543.5 -3.2 96.7
90819.0 90816.1 24.6 -12.7 543.5 -3.3 96.6
90833.0 90818.0 24.6 -5.8 543.5 -3.7 96.5
90810.0 90816.9 24.6 -9.0 543.5 -3.5 96.4
90821.0 90817.3 24.6 -7.3 543.5 -3.6 96.3
90832.0 90818.9 24.6 -1.3 543.5 -3.9 96.2
90830.0 90820.3 24.6 3.1 543.5 -4.1 96.1
90830.0 90821.5 24.6 7.0 543.5 -4.3 96.0
90822.0 90821.7 24.6 7.1 543.5 -4.4 95.9
90838.0 90823.8 24.6 13.6 543.4 -4.7 95.8
90836.0 90825.6 24.6 18.4 543.4 -4.9 95.7
90823.0 90825.6 24.6 17.2 543.4 -4.9 95.6
90834.0 90826.9 24.6 20.5 543.4 -5.1 95.5
90837.0 90828.5 24.6 24.4 543.4 -5.3 95.4
90824.0 90828.4 24.6 22.4 543.4 -5.1 95.3
90830.0 90829.0 24.6 22.8 543.4 -5.2 95.2
90843.0 90831.1 24.6 28.4 543.4 -5.5 95.1
90838.0 90832.4 24.6 31.0 543.4 -5.6 95.0
90818.0 90831.2 24.6 24.9 543.4 -5.3 95.0
90825.0 90830.9 24.6 22.2 543.4 -5.1 94.9
90820.0 90829.9 24.6 17.7 543.4 -4.9 94.8
90828.0 90830.0 24.6 16.7 543.3 -4.9 94.7
90860.0 90834.0 24.6 28.7 543.3 -5.5 94.6
90845.0 90835.8 24.6 32.9 543.3 -5.7 94.5
90830.0 90835.7 24.6 30.3 543.3 -5.6 94.4
90827.0 90835.2 24.6 26.6 543.3 -5.4 94.3
90809.0 90832.4 24.6 15.8 543.3 -4.8 94.2
90819.0 90831.0 24.6 10.3 543.3 -4.5 94.1
90827.0 90830.7 24.6 8.5 543.3 -4.4 94.0
90831.0 90830.9 24.6 8.5 543.3 -4.4 93.9
90847.0 90833.0 24.6 15.0 543.3 -4.8 93.8
90842.0 90834.4 24.6 18.4 543.3 -4.9 93.7
90839.0 90835.3 24.6 20.1 543.3 -5.0 93.6
90819.0 90833.6 24.6 13.4 543.2 -4.7 93.6
90826.0 90832.9 24.6 10.2 543.2 -4.5 93.5
90829.0 90832.6 24.6 8.6 543.2 -4.4 93.4
90808.0 90829.7 24.6 -1.4 543.2 -3.9 93.3
90812.0 90827.5 24.6 -8.7 543.2 -3.6 93.2
90824.0 90826.9 24.6 -10.1 543.2 -3.5 93.1
90831.0 90827.3 24.6 -8.5 543.2 -3.6 93.0
90821.0 90826.3 24.6 -11.1 543.2 -3.5 92.9
90810.0 90824.1 24.6 -17.7 543.2 -3.1 92.8
90805.0 90821.5 24.6 -25.3 543.2 -2.7 92.7
90832.0 90822.3 24.6 -20.9 543.2 -3.0 92.6
90833.0 90823.3 24.6 -16.3 543.2 -3.2 92.5
90840.0 90825.0 24.6 -9.5 543.1 -3.5 92.5
90823.0 90824.6 24.6 -10.3 543.1 -3.5 92.4
90818.0 90823.6 24.6 -12.9 543.1 -3.4 92.3
90809.0 90821.6 24.6 -18.8 543.1 -3.1 92.2
90823.0 90821.5 24.6 -18.1 543.1 -3.1 92.1
90812.0 90820.0 24.6 -21.8 543.1 -2.9 92.0
90808.0 90818.1 24.6 -26.5 543.1 -2.7 91.9
90833.0 90819.5 24.6 -20.3 543.1 -3.0 91.8
90838.0 90821.4 24.6 -12.7 543.1 -3.4 91.7
90824.0 90821.5 24.6 -11.6 543.1 -3.4 91.7
90813.0 90820.3 24.6 -15.0 543.1 -3.3 91.6
90823.0 90820.3 24.6 -13.8 543.1 -3.3 91.5
90813.0 90819.2 24.6 -16.7 543.1 -3.2 91.4
90863.0 90824.3 24.6 1.2 543.0 -4.1 91.3
90819.0 90823.7 24.6 -1.0 543.0 -4.0 91.2
90832.0 90824.7 24.6 2.4 543.0 -4.2 91.1
90832.0 90825.6 24.6 5.3 543.0 -4.3 91.0
90821.0 90825.1 24.6 3.4 543.0 -4.2 91.0
90803.0 90822.5 24.6 -5.6 543.0 -3.8 90.9
90809.0 90820.7 24.6 -11.0 543.0 -3.5 90.8
90823.0 90820.8 24.6 -10.0 543.0 -3.5 90.7
90812.0 90819.5 24.6 -13.5 543.0 -3.4 90.6
90805.0 90817.5 24.6 -19.2 543.0 -3.1 90.5
90829.0 90818.6 24.6 -14.5 543.0 -3.3 90.4
90829.0 90819.6 24.6 -10.2 543.0 -3.5 90.4
90838.0 90821.7 24.6 -2.8 543.0 -3.9 90.3
90841.0 90824.0 24.6 5.0 542.9 -4.3 90.2
90813.0 90822.8 24.6 0.5 542.9 -4.1 90.1
90810.0 90821.2 24.6 -4.6 542.9 -3.8 90.0
90825.0 90821.6 24.6 -3.1 542.9 -3.9 89.9
90817.0 90821.0 24.6 -4.9 542.9 -3.8 89.8
90821.0 90820.9 24.6 -4.9 542.9 -3.8 89.8
90808.0 90819.2 24.6 -10.0 542.9 -3.6 89.7
90827.0 90820.0 24.6 -6.8 542.9 -3.7 89.6
90841.0 90822.5 24.6 1.7 542.9 -4.1 89.5
90855.0 90826.5 24.6 14.8 542.9 -4.8 89.4
90833.0 90827.6 24.6 17.3 542.9 -4.9 89.3
90832.0 90828.4 24.6 19.0 542.9 -5.0 89.3
90848.0 90831.1 24.6 26.7 542.9 -5.3 89.2
90823.0 90830.6 24.6 23.2 542.9 -5.2 89.1
90834.0 90831.4 24.6 24.4 542.8 -5.2 89.0
90845.0 90833.5 24.6 29.7 542.8 -5.5 88.9
90819.0 90832.3 24.6 23.6 542.8 -5.2 88.8
90840.0 90833.6 24.6 26.5 542.8 -5.3 88.8
90797.0 90829.6 24.6 11.5 542.8 -4.6 88.7
90818.0 90828.4 24.6 6.7 542.8 -4.4 88.6
90820.0 90827.4 24.6 3.3 542.8 -4.2 88.5
90836.0 90828.6 24.6 6.7 542.8 -4.4 88.4
90824.0 90828.1 24.6 4.8 542.8 -4.3 88.4
90852.0 90831.1 24.6 14.4 542.8 -4.8 88.3
90817.0 90829.6 24.6 8.6 542.8 -4.5 88.2
90836.0 90830.6 24.6 11.1 542.8 -4.6 88.1
90829.0 90830.6 24.6 10.4 542.8 -4.6 88.0
90792.0 90826.0 24.6 -5.2 542.8 -3.8 87.9
90807.0 90823.6 24.6 -12.8 542.7 -3.4 87.9
90828.0 90823.9 24.6 -11.0 542.7 -3.5 87.8
90838.0 90825.4 24.6 -5.2 542.7 -3.8 87.7
90826.0 90825.4 24.6 -5.0 542.7 -3.8 87.6
90823.0 90825.0 24.6 -6.0 542.7 -3.8 87.5
90829.0 90825.4 24.6 -4.3 542.7 -3.9 87.5
90831.0 90826.0 24.6 -2.1 542.7 -4.0 87.4
90814.0 90824.5 24.6 -7.0 542.7 -3.7 87.3
90817.0 90823.5 24.6 -10.0 542.7 -3.6 87.2
90803.0 90820.8 24.6 -18.2 542.7 -3.2 87.1
90827.0 90821.2 24.6 -15.6 542.7 -3.3 87.1
90812.0 90819.8 24.6 -19.2 542.7 -3.2 87.0
90818.0 90819.2 24.6 -19.8 542.7 -3.1 86.9
90806.0 90817.3 24.6 -25.0 542.7 -2.9 86.8
90806.0 90815.4 24.6 -29.4 542.6 -2.7 86.8
90814.0 90814.8 24.6 -29.8 542.6 -2.7 86.7
90825.0 90815.5 24.6 -25.5 542.6 -2.9 86.6
90840.0 90818.1 24.6 -15.5 542.6 -3.3 86.5
90823.0 90818.4 24.6 -13.4 542.6 -3.4 86.4
90815.0 90817.8 24.6 -14.7 542.6 -3.4 86.4
90812.0 90816.8 24.6 -16.9 542.6 -3.3 86.3
90823.0 90817.2 24.6 -14.3 542.6 -3.4 86.2
90843.0 90820.2 24.6 -3.8 542.6 -3.9 86.1
90834.0 90821.8 24.6 1.8 542.6 -4.2 86.0
90823.0 90822.0 24.6 2.2 542.6 -4.2 86.0
90816.0 90821.3 24.6 -0.2 542.6 -4.1 85.9
90836.0 90823.1 24.6 5.7 542.6 -4.4 85.8
90818.0 90822.6 24.6 3.5 542.6 -4.3 85.7
90837.0 90824.4 24.6 9.3 542.5 -4.5 85.7
90814.0 90823.3 24.6 5.0 542.5 -4.3 85.6
90800.0 90820.5 24.6 -4.4 542.5 -3.9 85.5
90827.0 90821.2 24.6 -1.8 542.5 -4.0 85.4
90828.0 90822.0 24.6 0.9 542.5 -4.1 85.4
90853.0 90825.9 24.6 13.4 542.5 -4.7 85.3
90812.0 90824.4 24.6 7.7 542.5 -4.5 85.2
90827.0 90824.8 24.6 8.7 542.5 -4.5 85.1
90819.0 90824.3 24.6 6.2 542.5 -4.4 85.1
90803.0 90821.8 24.6 -2.4 542.5 -4.0 85.0
90827.0 90822.4 24.6 -0.3 542.5 -4.1 84.9
90822.0 90822.3 24.6 -0.5 542.5 -4.1 84.8
90826.0 90822.8 24.6 1.0 542.5 -4.1 84.8
90831.0 90823.8 24.6 4.3 542.5 -4.3 84.7
90809.0 90822.0 24.6 -1.7 542.5 -4.0 84.6
90829.0 90822.9 24.6 1.1 542.4 -4.2 84.5
90835.0 90824.4 24.6 6.0 542.4 -4.4 84.5
90805.0 90822.1 24.6 -1.9 542.4 -4.0 84.4
90830.0 90823.0 24.6 1.3 542.4 -4.2 84.3
90832.0 90824.2 24.6 4.8 542.4 -4.3 84.2
90827.0 90824.6 24.6 5.9 542.4 -4.4 84.2
90808.0 90822.7 24.6 -0.8 542.4 -4.1 84.1
90829.0 90823.4 24.6 1.7 542.4 -4.2 84.0
90840.0 90825.5 24.6 8.4 542.4 -4.5 83.9
90823.0 90825.3 24.6 7.3 542.4 -4.4 83.9
90822.0 90825.0 24.6 5.9 542.4 -4.4 83.8
90785.0 90820.2 24.6 -10.3 542.4 -3.6 83.7
90845.0 90823.1 24.6 -0.2 542.4 -4.1 83.7
90821.0 90822.8 24.6 -1.0 542.4 -4.1 83.6
90834.0 90824.2 24.6 3.5 542.4 -4.3 83.5
90830.0 90825.0 24.6 5.8 542.4 -4.4 83.4
90816.0 90824.0 24.6 2.2 542.3 -4.2 83.4
90802.0 90821.3 24.6 -6.6 542.3 -3.8 83.3
90795.0 90817.9 24.6 -17.2 542.3 -3.3 83.2
90806.0 90816.2 24.6 -21.8 542.3 -3.1 83.2
90820.0 90816.3 24.6 -20.1 542.3 -3.2 83.1
90815.0 90815.8 24.6 -20.5 542.3 -3.2 83.0
90803.0 90813.8 24.6 -25.5 542.3 -2.9 82.9
90799.0 90811.6 24.6 -31.3 542.3 -2.7 82.9
90815.0 90811.4 24.6 -29.7 542.3 -2.8 82.8
90837.0 90814.1 24.6 -19.2 542.3 -3.2 82.7
90840.0 90816.9 24.6 -8.6 542.3 -3.7 82.7
90803.0 90815.0 24.6 -14.2 542.3 -3.5 82.6
90832.0 90816.9 24.6 -7.2 542.3 -3.8 82.5
90816.0 90816.6 24.6 -7.6 542.3 -3.8 82.4
90826.0 90817.7 24.6 -3.8 542.3 -3.9 82.4
90823.0 90818.2 24.6 -1.6 542.3 -4.0 82.3
90808.0 90817.0 24.6 -5.7 542.2 -3.9 82.2
90805.0 90815.4 24.6 -10.5 542.2 -3.6 82.2
90820.0 90815.8 24.6 -8.6 542.2 -3.7 82.1
90797.0 90813.3 24.6 -16.1 542.2 -3.4 82.0
90816.0 90813.4 24.6 -14.9 542.2 -3.4 82.0
90836.0 90815.9 24.6 -5.7 542.2 -3.9 81.9
90831.0 90817.6 24.6 0.4 542.2 -4.1 81.8
90832.0 90819.4 24.6 6.2 542.2 -4.4 81.7
90822.0 90819.8 24.6 7.2 542.2 -4.4 81.7
90818.0 90819.7 24.6 6.2 542.2 -4.4 81.6
90805.0 90818.0 24.6 0.3 542.2 -4.1 81.5
90833.0 90819.9 24.6 6.4 542.2 -4.4 81.5
90823.0 90820.4 24.6 7.5 542.2 -4.5 81.4
90816.0 90820.0 24.6 5.7 542.2 -4.4 81.3
90822.0 90820.3 24.6 6.4 542.2 -4.4 81.3
90812.0 90819.4 24.6 3.1 542.2 -4.3 81.2
90816.0 90819.0 24.6 1.7 542.1 -4.2 81.1
90837.0 90821.3 24.6 8.9 542.1 -4.5 81.1
90825.0 90821.9 24.6 10.3 542.1 -4.6 81.0
90774.0 90816.2 24.6 -9.2 542.1 -3.7 80.9
90821.0 90816.6 24.6 -7.0 542.1 -3.8 80.9
90813.0 90816.0 24.6 -8.3 542.1 -3.7 80.8
90808.0 90814.9 24.6 -11.5 542.1 -3.6 80.7
90801.0 90813.0 24.6 -17.3 542.1 -3.4 80.7
90821.0 90813.7 24.6 -13.9 542.1 -3.5 80.6
90809.0 90812.9 24.6 -15.6 542.1 -3.4 80.5
90805.0 90811.6 24.6 -18.6 542.1 -3.3 80.5
90818.0 90812.1 24.6 -15.9 542.1 -3.4 80.4
90843.0 90815.6 24.6 -3.3 542.1 -4.0 80.3
