90741.0 90741.0 176.5 -0.0 1521.0 -0.4 9523.8 -0.0 1500.0
90742.0 90741.5 93.9 0.1 1526.7 -3.3 9163.3 -0.0 1500.0
90741.0 90741.3 64.4 -0.1 1525.9 -5.6 9160.8 0.0 1500.0
90746.0 90742.5 49.6 0.9 1518.8 -4.0 9160.8 -0.1 1500.0
90734.0 90740.8 41.2 -1.8 1503.7 -4.5 9160.8 0.1 1499.9
90743.0 90741.1 36.0 -1.0 1479.1 6.9 9160.8 0.0 1499.6
90736.0 90740.3 32.9 -3.1 1443.9 18.1 9160.8 0.3 1499.2
90727.0 90738.2 31.0 -9.3 1398.1 6.5 9160.8 1.0 1498.6
90751.0 90739.9 30.0 -2.1 1342.3 -3.0 9160.8 0.1 1497.6
90754.0 90742.0 29.5 5.9 1278.1 -39.2 9160.8 -1.0 1496.2
90777.0 90747.2 29.4 26.2 1207.4 -89.1 9160.8 -4.1 1494.2
90734.0 90745.7 29.4 16.1 1132.6 57.8 9160.8 -2.7 1491.8
90741.0 90745.3 29.5 14.0 1056.1 -6.2 9160.8 -2.2 1488.8
90748.0 90745.9 29.6 15.4 980.1 -22.0 9160.8 -2.5 1485.1
90732.0 90744.1 29.7 6.1 906.6 -11.4 9160.8 -0.6 1480.9
90749.0 90744.9 29.7 8.8 836.9 2.0 9160.8 -1.2 1476.0
90773.0 90749.2 29.6 25.4 771.9 -10.3 9160.8 -5.5 1470.5
90751.0 90749.9 29.5 26.0 712.3 -5.6 9160.8 -5.7 1464.4
90740.0 90748.9 29.2 20.0 658.4 1.2 9160.8 -3.9 1457.6
90747.0 90749.0 28.9 18.8 610.0 -9.1 9160.8 -3.5 1450.3
90750.0 90749.5 28.6 19.0 567.1 -1.0 9160.8 -3.6 1442.3
90762.0 90751.6 28.2 25.0 529.2 2.4 9160.8 -6.0 1433.7
90737.0 90750.0 27.8 17.8 496.0 -7.1 9160.8 -3.0 1424.4
90744.0 90749.5 27.4 14.8 467.2 -2.6 9160.8 -1.7 1414.5
90743.0 90748.8 27.0 11.7 442.2 -7.7 9160.8 -0.2 1403.8
90746.0 90748.7 26.6 10.3 420.7 -6.8 9160.8 0.5 1392.4
90757.0 90749.9 26.2 13.5 402.3 -0.4 9160.8 -1.4 1380.3
90735.0 90748.2 25.8 7.4 386.6 -8.7 9160.8 2.2 1367.3
90759.0 90749.7 25.4 11.3 373.3 -7.9 9160.8 -0.4 1353.5
90734.0 90748.0 25.0 5.1 362.1 -9.6 9160.8 3.7 1338.9
90749.0 90748.2 24.7 5.3 352.8 -9.5 9160.8 3.4 1323.4
90742.0 90747.5 24.3 2.8 345.0 -11.4 9160.8 5.1 1307.0
90751.0 90748.0 24.0 3.8 338.6 -7.9 9160.8 4.2 1289.6
90741.0 90747.2 23.8 1.2 333.3 -13.8 9160.8 6.2 1271.4
90750.0 90747.6 23.5 1.8 329.0 -11.8 9160.8 5.4 1252.2
90743.0 90747.1 23.3 0.0 325.5 -10.5 9160.8 6.7 1232.2
90742.0 90746.5 23.1 -1.9 322.7 -15.4 9160.8 8.3 1211.2
90730.0 90744.6 22.9 -7.7 320.4 -19.3 9160.8 13.4 1189.4
90751.0 90745.2 22.7 -5.9 318.5 -18.1 9160.8 11.3 1166.7
90736.0 90744.0 22.6 -9.2 316.9 -18.6 9160.8 14.2 1143.3
90722.0 90741.4 22.5 -16.7 315.5 -26.3 9160.8 21.4 1119.1
90755.0 90742.6 22.4 -12.7 314.3 -22.0 9160.8 16.8 1094.2
90745.0 90742.6 22.3 -12.3 313.1 -21.8 9160.8 15.9 1068.8
90756.0 90743.9 22.2 -8.3 311.9 -15.4 9160.8 11.2 1042.8
90718.0 90740.9 22.1 -16.9 310.7 -25.4 9160.8 20.1 1016.3
90769.0 90743.7 22.1 -8.2 309.4 -14.7 9160.8 10.2 989.6
90748.0 90744.0 22.0 -7.1 307.9 -13.9 9160.8 8.7 962.5
90739.0 90743.3 22.0 -8.9 306.3 -15.5 9160.8 10.4 935.3
90758.0 90744.8 21.9 -4.5 304.5 -9.8 9160.8 5.2 908.0
90760.0 90746.4 21.9 0.2 302.5 -5.7 9160.8 -0.1 880.7
90716.0 90743.1 21.9 -9.6 300.3 -15.3 9160.8 10.4 853.6
90762.0 90745.0 21.8 -3.8 297.9 -6.9 9160.8 3.8 826.6
90740.0 90744.4 21.8 -5.5 295.4 -10.4 9160.8 5.5 799.9
90752.0 90745.1 21.8 -3.2 292.6 -6.7 9160.8 2.8 773.6
90739.0 90744.4 21.8 -5.3 289.6 -10.7 9160.8 4.9 747.6
90761.0 90746.1 21.7 -0.2 286.5 -3.9 9160.8 -0.8 722.2
90749.0 90746.4 21.7 0.6 283.2 -2.7 9160.8 -1.7 697.3
90767.0 90748.6 21.7 7.0 279.8 5.1 9160.8 -8.5 673.0
90759.0 90749.9 21.6 10.3 276.3 6.1 9160.8 -11.8 649.3
90734.0 90748.4 21.6 5.4 272.6 3.6 9160.8 -6.7 626.3
90751.0 90748.7 21.5 6.3 268.9 4.3 9160.8 -7.5 604.0
90772.0 90751.3 21.5 13.4 265.1 10.0 9160.8 -14.7 582.4
90743.0 90750.7 21.4 11.0 261.2 8.6 9160.8 -12.0 561.5
90746.0 90750.4 21.4 9.7 257.4 6.7 9160.8 -10.6 541.4
90750.0 90750.5 21.3 9.7 253.5 6.2 9160.8 -10.4 522.0
90744.0 90750.0 21.2 7.8 249.6 4.2 9160.8 -8.5 503.4
90753.0 90750.5 21.2 8.7 245.7 4.0 9160.8 -9.3 485.5
90746.0 90750.1 21.1 7.5 241.8 5.8 9160.8 -8.0 468.3
90744.0 90749.6 21.0 5.8 238.0 3.0 9160.8 -6.3 451.8
90745.0 90749.2 20.9 4.5 234.2 3.3 9160.8 -5.0 436.0
90742.0 90748.6 20.8 2.5 230.4 0.3 9160.8 -3.1 420.9
90749.0 90748.7 20.7 2.6 226.8 -3.0 9160.8 -3.2 406.5
90746.0 90748.4 20.6 1.8 223.2 -1.5 9160.8 -2.5 392.7
90736.0 90747.2 20.6 -1.6 219.6 -5.9 9160.8 0.5 379.6
90752.0 90747.7 20.5 -0.4 216.2 -3.7 9160.8 -0.6 367.0
90750.0 90747.9 20.4 0.1 212.8 -2.7 9160.8 -1.2 355.0
90750.0 90748.1 20.3 0.6 209.5 -2.2 9160.8 -1.7 343.6
90784.0 90751.7 20.2 9.9 206.3 5.3 9160.8 -9.6 332.7
90771.0 90753.8 20.1 14.9 203.2 9.7 9160.8 -13.7 322.3
90727.0 90751.4 20.0 8.2 200.2 3.7 9160.8 -8.0 312.4
90746.0 90751.0 19.9 6.9 197.3 3.1 9160.8 -6.8 302.9
90765.0 90752.5 19.8 10.4 194.5 5.6 9160.8 -9.6 293.9
90767.0 90754.2 19.7 14.0 191.7 8.8 9160.8 -12.4 285.3
90743.0 90753.3 19.6 11.4 189.1 5.5 9160.8 -10.2 277.1
90758.0 90754.0 19.5 12.6 186.5 6.8 9160.8 -11.1 269.3
90729.0 90751.8 19.4 6.7 184.1 1.9 9160.8 -6.4 261.8
90749.0 90751.6 19.3 6.0 181.7 0.5 9160.8 -5.9 254.7
90752.0 90751.8 19.2 6.1 179.4 2.6 9160.8 -6.0 247.9
90748.0 90751.5 19.1 5.2 177.2 1.7 9160.8 -5.3 241.5
90768.0 90753.2 19.0 9.0 175.1 3.5 9160.8 -8.0 235.3
90738.0 90751.9 18.9 5.6 173.1 0.9 9160.8 -5.5 229.4
90748.0 90751.6 18.8 4.7 171.1 -0.0 9160.8 -4.9 223.7
90740.0 90750.6 18.7 2.1 169.2 -0.2 9160.8 -3.0 218.3
90731.0 90748.8 18.6 -2.2 167.4 -3.9 9160.8 -0.0 213.1
90744.0 90748.4 18.6 -3.4 165.7 -4.5 9160.8 0.7 208.2
90751.0 90748.5 18.5 -2.9 164.0 -5.6 9160.8 0.3 203.5
90766.0 90750.1 18.4 0.8 162.4 -2.1 9160.8 -2.2 199.0
90766.0 90751.6 18.3 4.1 160.8 -0.6 9160.8 -4.4 194.6
90767.0 90753.0 18.2 7.4 159.4 2.6 9160.8 -6.6 190.5
90758.0 90753.6 18.2 8.4 157.9 2.6 9160.8 -7.2 186.5
90758.0 90754.2 18.1 9.4 156.6 4.5 9160.8 -7.8 182.7
90772.0 90756.0 18.0 13.1 155.3 5.8 9160.8 -10.0 179.0
90796.0 90759.8 17.9 21.3 154.0 9.0 9160.8 -15.1 175.5
90758.0 90760.0 17.9 21.1 152.8 8.3 9160.8 -14.8 172.1
90734.0 90758.1 17.8 15.9 151.6 4.2 9160.8 -11.6 168.8
90756.0 90758.2 17.7 15.5 150.5 3.5 9160.8 -11.3 165.7
90744.0 90757.2 17.7 12.7 149.5 9.8 9160.8 -9.6 162.7
90769.0 90758.5 17.6 15.2 148.4 0.7 9160.8 -10.9 159.8
90757.0 90758.6 17.5 14.8 147.5 12.7 9160.8 -10.7 157.0
90748.0 90758.0 17.5 12.9 146.5 -0.0 9160.8 -9.5 154.3
90778.0 90760.0 17.4 16.8 145.6 11.2 9160.8 -11.7 151.7
90752.0 90759.6 17.4 15.4 144.7 3.5 9160.8 -10.8 149.2
90779.0 90761.5 17.3 19.1 143.9 9.5 9160.8 -12.8 146.8
90764.0 90762.1 17.3 19.7 143.1 7.2 9160.8 -13.0 144.5
90733.0 90760.0 17.2 14.3 142.3 3.4 9160.8 -10.0 142.2
90753.0 90759.6 17.1 13.0 141.6 5.6 9160.8 -9.3 140.0
90753.0 90759.3 17.1 11.8 140.9 4.4 9160.8 -8.6 137.9
90760.0 90759.6 17.0 12.0 140.2 4.5 9160.8 -8.6 135.9
90737.0 90757.9 17.0 7.8 139.5 0.7 9160.8 -6.5 133.9
90753.0 90757.6 17.0 6.9 138.9 2.9 9160.8 -6.0 132.0
90760.0 90757.9 16.9 7.4 138.3 1.6 9160.8 -6.2 130.1
90742.0 90756.7 16.9 4.4 137.7 1.1 9160.8 -4.7 128.3
90751.0 90756.3 16.8 3.4 137.2 -0.4 9160.8 -4.2 126.6
90762.0 90756.9 16.8 4.4 136.6 1.2 9160.8 -4.7 124.9
90750.0 90756.4 16.8 3.2 136.1 0.1 9160.8 -4.1 123.3
90767.0 90757.3 16.7 5.1 135.6 -0.7 9160.8 -5.0 121.7
90780.0 90759.3 16.7 9.1 135.1 2.8 9160.8 -6.9 120.1
90756.0 90759.2 16.6 8.6 134.6 1.7 9160.8 -6.6 118.6
90740.0 90757.7 16.6 5.2 134.2 2.5 9160.8 -5.1 117.2
90769.0 90758.8 16.6 7.2 133.7 1.3 9160.8 -6.0 115.7
90763.0 90759.2 16.5 7.9 133.3 2.0 9160.8 -6.3 114.4
90753.0 90758.9 16.5 6.8 132.9 1.1 9160.8 -5.8 113.0
90759.0 90759.0 16.5 6.9 132.5 0.5 9160.8 -5.8 111.7
90754.0 90758.7 16.4 6.0 132.1 0.6 9160.8 -5.4 110.4
90764.0 90759.3 16.4 6.9 131.8 0.9 9160.8 -5.8 109.2
90755.0 90759.0 16.4 6.1 131.4 -0.1 9160.8 -5.4 108.0
90736.0 90757.3 16.4 2.1 131.1 -0.8 9160.8 -3.7 106.8
90757.0 90757.3 16.3 2.0 130.7 -0.4 9160.8 -3.7 105.6
90754.0 90757.1 16.3 1.4 130.4 -0.8 9160.8 -3.5 104.5
90744.0 90756.0 16.3 -0.8 130.1 -0.6 9160.8 -2.5 103.4
90758.0 90756.2 16.3 -0.5 129.8 -1.1 9160.8 -2.7 102.3
90735.0 90754.4 16.2 -4.2 129.5 -4.1 9160.8 -1.2 101.2
90762.0 90755.0 16.2 -2.9 129.2 -3.9 9160.8 -1.7 100.2
90740.0 90753.7 16.2 -5.6 128.9 -4.3 9160.8 -0.7 99.2
90771.0 90755.0 16.2 -2.7 128.6 -2.9 9160.8 -1.9 98.2
90764.0 90755.7 16.2 -1.2 128.4 -3.0 9160.8 -2.5 97.2
90769.0 90756.7 16.1 1.0 128.1 -0.5 9160.8 -3.4 96.3
90742.0 90755.6 16.1 -1.5 127.9 -3.3 9160.8 -2.4 95.4
90733.0 90753.7 16.1 -5.4 127.6 -4.7 9160.8 -0.9 94.5
90766.0 90754.6 16.1 -3.4 127.4 -3.2 9160.8 -1.7 93.6
90761.0 90755.1 16.1 -2.4 127.2 -0.6 9160.8 -2.1 92.7
90751.0 90754.7 16.0 -3.1 126.9 -3.0 9160.8 -1.9 91.9
90747.0 90754.0 16.0 -4.4 126.7 -3.2 9160.8 -1.4 91.0
90775.0 90755.6 16.0 -0.9 126.5 -2.3 9160.8 -2.7 90.2
90762.0 90756.1 16.0 0.1 126.3 -2.4 9160.8 -3.1 89.4
90722.0 90753.4 16.0 -5.7 126.1 -5.2 9160.8 -1.0 88.6
90769.0 90754.5 16.0 -3.1 125.9 -3.1 9160.8 -2.0 87.8
90756.0 90754.6 15.9 -2.9 125.7 -4.0 9160.8 -2.1 87.1
90767.0 90755.5 15.9 -0.9 125.5 -1.9 9160.8 -2.8 86.3
90761.0 90755.9 15.9 -0.1 125.3 -2.4 9160.8 -3.1 85.6
90739.0 90754.6 15.9 -2.9 125.1 -2.0 9160.8 -2.2 84.9
90756.0 90754.7 15.9 -2.7 124.9 -3.2 9160.8 -2.2 84.2
90750.0 90754.2 15.9 -3.6 124.8 -3.5 9160.8 -2.0 83.5
90756.0 90754.3 15.9 -3.3 124.6 -2.2 9160.8 -2.1 82.8
90761.0 90754.8 15.8 -2.3 124.4 -2.5 9160.8 -2.5 82.1
90756.0 90754.8 15.8 -2.1 124.2 -1.8 9160.8 -2.5 81.5
90749.0 90754.3 15.8 -3.1 124.1 -3.0 9160.8 -2.2 80.8
90756.0 90754.4 15.8 -2.9 123.9 -3.3 9160.8 -2.3 80.2
90751.0 90754.1 15.8 -3.5 123.8 -2.6 9160.8 -2.1 79.6
90758.0 90754.3 15.8 -2.9 123.6 -1.1 9160.8 -2.3 78.9
90755.0 90754.3 15.8 -2.8 123.5 -2.2 9160.8 -2.4 78.3
90740.0 90753.2 15.8 -5.2 123.3 -4.5 9160.8 -1.6 77.7
90746.0 90752.5 15.8 -6.4 123.2 -4.2 9160.8 -1.2 77.1
90785.0 90754.9 15.7 -1.2 123.0 -1.1 9160.8 -2.9 76.6
90750.0 90754.5 15.7 -2.0 122.9 -1.6 9160.8 -2.7 76.0
90746.0 90753.8 15.7 -3.4 122.7 -1.3 9160.8 -2.3 75.4
90732.0 90752.0 15.7 -7.0 122.6 -4.6 9160.8 -1.1 74.9
90755.0 90752.1 15.7 -6.6 122.4 -4.6 9160.8 -1.3 74.3
90738.0 90750.9 15.7 -8.9 122.3 -3.8 9160.8 -0.6 73.8
90745.0 90750.3 15.7 -9.9 122.2 -5.0 9160.8 -0.3 73.3
90771.0 90751.7 15.7 -6.6 122.1 -2.6 9160.8 -1.3 72.7
90759.0 90752.2 15.7 -5.5 121.9 -3.4 9160.8 -1.7 72.2
90773.0 90753.7 15.7 -2.2 121.8 -2.2 9160.8 -2.7 71.7
90768.0 90754.8 15.6 0.1 121.7 -1.3 9160.8 -3.4 71.2
90761.0 90755.3 15.6 1.0 121.5 -2.8 9160.8 -3.7 70.7
90751.0 90755.0 15.6 0.3 121.4 -3.4 9160.8 -3.5 70.2
90761.0 90755.4 15.6 1.2 121.3 -0.1 9160.8 -3.8 69.8
90760.0 90755.8 15.6 1.9 121.2 -0.1 9160.8 -4.0 69.3
90775.0 90757.3 15.6 5.0 121.1 -1.4 9160.8 -4.9 68.8
90749.0 90756.8 15.6 3.6 121.0 -0.1 9160.8 -4.5 68.4
90733.0 90755.0 15.6 -0.2 120.8 -0.6 9160.8 -3.4 67.9
90754.0 90754.9 15.6 -0.4 120.7 -0.6 9160.8 -3.4 67.4
90744.0 90754.0 15.6 -2.1 120.6 -2.8 9160.8 -2.9 67.0
90746.0 90753.4 15.6 -3.5 120.5 -4.1 9160.8 -2.5 66.6
90749.0 90753.0 15.6 -4.2 120.4 -2.3 9160.8 -2.3 66.1
90754.0 90753.0 15.5 -4.1 120.3 -1.9 9160.8 -2.4 65.7
90727.0 90750.9 15.5 -8.2 120.2 -4.4 9160.8 -1.2 65.3
90775.0 90752.6 15.5 -4.5 120.1 -4.0 9160.8 -2.3 64.9
90768.0 90753.7 15.5 -2.1 120.0 -2.4 9160.8 -3.0 64.5
90761.0 90754.2 15.5 -1.0 119.9 -1.4 9160.8 -3.3 64.1
90773.0 90755.7 15.5 2.0 119.8 0.6 9160.8 -4.1 63.7
90742.0 90754.7 15.5 -0.2 119.7 -0.9 9160.8 -3.5 63.3
90747.0 90754.1 15.5 -1.4 119.6 -2.2 9160.8 -3.2 62.9
90737.0 90752.7 15.5 -4.2 119.5 -2.0 9160.8 -2.5 62.5
90772.0 90754.1 15.5 -1.1 119.4 0.3 9160.8 -3.3 62.1
90757.0 90754.3 15.5 -0.7 119.3 -0.7 9160.8 -3.4 61.7
90737.0 90753.0 15.5 -3.4 119.2 -2.6 9160.8 -2.7 61.4
90728.0 90751.0 15.5 -7.4 119.1 -5.1 9160.8 -1.6 61.0
90766.0 90752.0 15.5 -5.1 119.0 -1.9 9160.8 -2.3 60.6
90747.0 90751.5 15.5 -5.9 118.9 -3.6 9160.8 -2.1 60.3
90759.0 90752.0 15.4 -4.8 118.8 -2.8 9160.8 -2.4 59.9
90745.0 90751.4 15.4 -5.9 118.7 -2.9 9160.8 -2.1 59.6
90755.0 90751.5 15.4 -5.4 118.6 -2.8 9160.8 -2.3 59.2
90729.0 90749.7 15.4 -9.0 118.5 -4.7 9160.8 -1.4 58.9
90762.0 90750.5 15.4 -7.1 118.5 -3.7 9160.8 -1.9 58.6
90765.0 90751.5 15.4 -4.9 118.4 -1.4 9160.8 -2.4 58.2
90733.0 90750.0 15.4 -7.8 118.3 -2.3 9160.8 -1.7 57.9
90764.0 90750.9 15.4 -5.6 118.2 -2.8 9160.8 -2.3 57.6
90727.0 90749.0 15.4 -9.4 118.1 -3.1 9160.8 -1.3 57.2
90721.0 90746.6 15.4 -13.8 118.0 -3.0 9160.8 -0.3 56.9
90742.0 90746.0 15.4 -14.5 118.0 -2.9 9160.8 -0.1 56.6
90758.0 90746.7 15.4 -12.7 117.9 -4.2 9160.8 -0.6 56.3
90731.0 90745.2 15.4 -15.2 117.8 -3.2 9160.8 0.0 56.0
90766.0 90746.6 15.4 -12.0 117.7 -5.8 9160.8 -0.8 55.7
90771.0 90748.2 15.4 -8.2 117.6 -1.5 9160.8 -1.7 55.4
90751.0 90748.3 15.4 -7.8 117.6 -4.2 9160.8 -1.8 55.1
90748.0 90748.1 15.4 -7.9 117.5 -1.6 9160.8 -1.8 54.8
90737.0 90747.1 15.3 -9.6 117.4 -2.7 9160.8 -1.4 54.5
90737.0 90746.2 15.3 -11.2 117.3 -2.8 9160.8 -1.0 54.2
90736.0 90745.2 15.3 -12.8 117.3 -4.9 9160.8 -0.7 53.9
90743.0 90744.8 15.3 -13.2 117.2 -4.0 9160.8 -0.6 53.6
90737.0 90743.9 15.3 -14.5 117.1 -4.5 9160.8 -0.3 53.4
90737.0 90743.1 15.3 -15.6 117.0 -4.1 9160.8 -0.1 53.1
90767.0 90744.7 15.3 -11.9 117.0 -4.0 9160.8 -1.0 52.8
90777.0 90746.9 15.3 -7.0 116.9 -1.9 9160.8 -2.1 52.5
90767.0 90748.3 15.3 -3.9 116.8 -2.5 9160.8 -2.8 52.3
90749.0 90748.3 15.3 -3.8 116.8 -2.2 9160.8 -2.9 52.0
90746.0 90748.0 15.3 -4.2 116.7 -1.9 9160.8 -2.8 51.7
90756.0 90748.6 15.3 -3.0 116.6 -1.3 9160.8 -3.1 51.5
90756.0 90749.1 15.3 -1.9 116.6 -0.4 9160.8 -3.3 51.2
90742.0 90748.5 15.3 -3.0 116.5 -1.3 9160.8 -3.1 51.0
90760.0 90749.3 15.3 -1.2 116.4 0.2 9160.8 -3.5 50.7
90737.0 90748.4 15.3 -3.1 116.4 0.6 9160.8 -3.1 50.5
90722.0 90746.3 15.3 -7.1 116.3 -0.8 9160.8 -2.2 50.2
90751.0 90746.5 15.3 -6.4 116.2 -2.7 9160.8 -2.3 50.0
90732.0 90745.3 15.3 -8.7 116.2 -2.7 9160.8 -1.9 49.7
90746.0 90745.2 15.3 -8.6 116.1 -4.5 9160.8 -1.9 49.5
90756.0 90745.9 15.3 -7.0 116.0 -3.7 9160.8 -2.2 49.3
90745.0 90745.7 15.3 -7.2 116.0 -2.3 9160.8 -2.2 49.0
90739.0 90745.0 15.2 -8.2 115.9 -3.3 9160.8 -2.0 48.8
90755.0 90745.6 15.2 -6.7 115.9 -1.7 9160.8 -2.3 48.6
90745.0 90745.5 15.2 -6.8 115.8 -3.2 9160.8 -2.3 48.3
90753.0 90745.9 15.2 -5.7 115.7 -3.3 9160.8 -2.6 48.1
90754.0 90746.4 15.2 -4.5 115.7 -1.0 9160.8 -2.8 47.9
90760.0 90747.4 15.2 -2.5 115.6 -1.4 9160.8 -3.3 47.7
90775.0 90749.4 15.2 1.7 115.6 0.1 9160.8 -4.2 47.4
90748.0 90749.3 15.2 1.5 115.5 -0.1 9160.8 -4.1 47.2
90754.0 90749.7 15.2 2.2 115.4 -0.1 9160.8 -4.3 47.0
90749.0 90749.7 15.2 2.1 115.4 -0.5 9160.8 -4.3 46.8
90738.0 90748.9 15.2 0.3 115.3 -0.4 9160.8 -3.9 46.6
90759.0 90749.6 15.2 1.8 115.3 -1.3 9160.8 -4.2 46.4
90767.0 90751.0 15.2 4.5 115.2 1.6 9160.8 -4.7 46.2
90757.0 90751.5 15.2 5.4 115.2 -0.2 9160.8 -4.9 46.0
90739.0 90750.7 15.2 3.5 115.1 0.5 9160.8 -4.5 45.8
90754.0 90751.0 15.2 4.0 115.1 0.2 9160.8 -4.6 45.6
90746.0 90750.7 15.2 3.2 115.0 0.6 9160.8 -4.5 45.4
90775.0 90752.6 15.2 6.9 115.0 0.3 9160.8 -5.2 45.2
90733.0 90751.2 15.2 3.9 114.9 -2.5 9160.8 -4.6 45.0
90740.0 90750.5 15.2 2.1 114.9 -0.2 9160.8 -4.3 44.8
90777.0 90752.5 15.2 6.1 114.8 1.2 9160.8 -5.1 44.6
90755.0 90752.8 15.2 6.5 114.8 0.9 9160.8 -5.2 44.4
90761.0 90753.6 15.2 7.8 114.7 1.4 9160.8 -5.4 44.2
90742.0 90752.8 15.2 6.0 114.7 2.9 9160.8 -5.0 44.0
90753.0 90752.9 15.2 6.1 114.6 3.7 9160.8 -5.0 43.8
90740.0 90752.1 15.2 4.2 114.6 -12.1 9160.8 -4.7 43.6
90773.0 90753.7 15.1 7.1 114.5 -0.1 9160.8 -5.3 43.4
90750.0 90753.6 15.1 6.5 114.5 -1.4 9160.8 -5.2 43.3
90713.0 90750.6 15.1 0.3 114.4 6.5 9160.8 -4.0 43.1
90747.0 90750.4 15.1 -0.1 114.4 -6.3 9160.8 -3.9 42.9
90747.0 90750.1 15.1 -0.7 114.3 -3.0 9160.8 -3.8 42.7
90761.0 90750.9 15.1 0.8 114.3 -11.3 9160.8 -4.1 42.5
90785.0 90753.5 15.1 5.8 114.2 6.0 9160.8 -5.1 42.4
90758.0 90754.0 15.1 6.5 114.2 1.7 9160.8 -5.2 42.2
90753.0 90754.0 15.1 6.4 114.1 16.9 9160.8 -5.2 42.0
90775.0 90755.7 15.1 9.9 114.1 2.2 9160.8 -5.7 41.9
90769.0 90756.9 15.1 11.9 114.0 14.8 9160.8 -6.1 41.7
90758.0 90757.2 15.1 12.5 114.0 108.0 9160.8 -6.1 41.5
90746.0 90756.6 15.1 13.1 114.0 192.7 9160.8 -5.8 41.4
90741.0 90755.7 15.1 14.5 113.9 153.6 9160.8 -5.4 41.2
90756.0 90756.0 15.1 17.7 113.9 209.1 9160.8 -5.4 41.0
90739.0 90755.1 15.1 19.6 113.8 423.3 9160.8 -4.9 40.9
90747.0 90754.9 15.1 26.9 113.8 483.5 9160.8 -4.7 40.7
90743.0 90754.6 15.1 34.7 113.7 501.9 9160.8 -4.3 40.6
90755.0 90755.4 15.1 45.0 113.7 641.9 9160.8 -4.3 40.4
90768.0 90757.3 15.1 59.5 113.7 621.9 9160.8 -4.6 40.2
90756.0 90758.4 15.1 71.4 113.6 556.4 9160.8 -4.5 40.1
90774.0 90761.0 15.1 84.7 113.6 594.8 9160.8 -4.9 39.9
90762.0 90762.8 15.1 96.4 113.5 538.8 9160.8 -4.9 39.8
90733.0 90762.4 15.1 102.5 113.5 620.1 9160.8 -4.0 39.6
90764.0 90764.5 15.1 115.0 113.5 695.6 9160.8 -4.0 39.5
90748.0 90765.6 15.1 125.9 113.4 619.5 9160.8 -3.5 39.3
90744.0 90766.4 15.1 134.4 113.4 465.8 9160.8 -2.9 39.2
90755.0 90768.1 15.1 141.3 113.3 294.6 9160.8 -2.5 39.0
90770.0 90770.9 15.1 146.8 113.3 162.6 9160.8 -2.5 38.9
90783.0 90774.5 15.1 151.6 113.3 250.7 9160.8 -2.7 38.7
90798.0 90779.2 15.1 159.6 113.2 231.2 9160.8 -3.2 38.6
90816.0 90784.9 15.1 169.3 113.2 254.7 9160.8 -4.1 38.5
90792.0 90788.6 15.1 175.0 113.2 280.9 9160.8 -4.2 38.3
90799.0 90792.7 15.1 181.8 113.1 381.7 9160.8 -4.4 38.2
90800.0 90796.7 15.1 190.0 113.1 376.6 9160.8 -4.5 38.0
90806.0 90801.0 15.0 198.1 113.0 240.0 9160.8 -4.6 37.9
90810.0 90805.4 15.0 203.2 113.0 4.9 9160.8 -4.8 37.8
90818.0 90810.1 15.0 204.4 113.0 -80.4 9160.8 -5.0 37.6
90830.0 90815.3 15.0 205.3 112.9 7.7 9160.8 -5.4 37.5
90808.0 90818.6 15.0 203.7 112.9 -17.3 9160.8 -5.1 37.4
90826.0 90822.9 15.0 203.9 112.9 -4.1 9160.8 -5.2 37.2
90816.0 90826.1 15.0 202.1 112.8 -34.3 9160.8 -4.9 37.1
90857.0 90832.2 15.0 205.1 112.8 -213.1 9160.8 -5.6 37.0
90815.0 90834.7 15.0 197.6 112.8 -288.9 9160.8 -5.0 36.8
90846.0 90839.1 15.0 193.2 112.7 -93.6 9160.8 -5.2 36.7
90831.0 90842.1 15.0 189.6 112.7 -81.6 9160.8 -4.9 36.6
90825.0 90844.3 15.0 184.9 112.7 -89.8 9160.8 -4.4 36.4
90856.0 90848.6 15.0 184.2 112.6 -107.1 9160.8 -4.6 36.3
90874.0 90853.9 15.0 185.3 112.6 -118.9 9160.8 -5.1 36.2
90882.0 90859.4 15.0 186.4 112.6 -201.2 9160.8 -5.7 36.1
90860.0 90862.8 15.0 181.6 112.5 -362.6 9160.8 -5.7 35.9
90851.0 90865.2 15.0 172.1 112.5 -386.5 9160.8 -5.3 35.8
90877.0 90869.2 15.0 165.9 112.5 -197.8 9160.8 -5.5 35.7
90857.0 90871.4 15.0 160.2 112.4 87.6 9160.8 -5.1 35.6
90857.0 90873.3 15.0 159.6 112.4 227.8 9160.8 -4.7 35.5
90866.0 90875.7 15.0 162.4 112.4 150.1 9160.8 -4.5 35.3
90873.0 90878.5 15.0 164.2 112.3 -49.0 9160.8 -4.3 35.2
90889.0 90882.4 15.0 163.9 112.3 -229.7 9160.8 -4.5 35.1
90872.0 90884.6 15.0 157.0 112.3 -399.4 9160.8 -4.2 35.0
90898.0 90888.4 15.0 150.6 112.3 -359.0 9160.8 -4.4 34.9
90887.0 90891.0 15.0 143.2 112.2 -126.5 9160.8 -4.3 34.8
90868.0 90891.9 15.0 137.0 112.2 -35.5 9160.8 -3.7 34.6
90899.0 90895.0 15.0 136.5 112.2 -321.3 9160.8 -3.8 34.5
90897.0 90897.6 15.0 129.6 112.1 -510.4 9160.8 -3.8 34.4
90886.0 90899.0 15.0 117.5 112.1 -397.5 9160.8 -3.4 34.3
90902.0 90901.4 15.0 109.9 112.1 -251.8 9160.8 -3.5 34.2
90878.0 90901.6 15.0 101.1 112.0 -249.2 9160.8 -2.9 34.1
90894.0 90902.9 15.0 94.7 112.0 -261.3 9160.8 -2.7 34.0
90886.0 90903.3 15.0 86.7 112.0 -225.4 9160.8 -2.2 33.9
90886.0 90903.6 15.0 79.4 112.0 -217.4 9160.8 -1.8 33.7
90899.0 90904.6 15.0 74.4 111.9 -129.9 9160.8 -1.7 33.6
90908.0 90906.2 15.0 72.0 111.9 -155.5 9160.8 -1.7 33.5
90893.0 90906.6 15.0 66.6 111.9 -193.9 9160.8 -1.4 33.4
90877.0 90905.6 15.0 58.3 111.8 -142.9 9160.8 -0.7 33.3
90926.0 90908.1 15.0 58.3 111.8 -139.0 9160.8 -1.1 33.2
90922.0 90910.2 15.0 57.4 111.8 -151.5 9160.8 -1.4 33.1
90900.0 90910.5 15.0 52.5 111.8 -218.3 9160.8 -1.1 33.0
90909.0 90911.3 15.0 47.6 111.7 -349.6 9160.8 -1.1 32.9
90921.0 90912.8 15.0 41.7 111.7 -433.2 9160.8 -1.3 32.8
90942.0 90915.7 15.0 37.4 111.7 -383.1 9160.8 -1.9 32.7
90938.0 90918.0 15.0 33.0 111.7 -294.6 9160.8 -2.4 32.6
90890.0 90916.5 15.0 23.2 111.6 -120.8 9160.8 -1.7 32.5
90924.0 90917.5 14.9 21.8 111.6 -144.1 9160.8 -1.9 32.4
90898.0 90916.4 14.9 16.2 111.6 -54.3 9160.8 -1.5 32.3
90896.0 90915.1 14.9 11.8 111.6 -214.4 9160.8 -1.0 32.2
90902.0 90914.3 14.9 5.4 111.5 -271.0 9160.8 -0.7 32.1
90904.0 90913.6 14.9 -1.5 111.5 -250.0 9160.8 -0.5 32.0
90926.0 90914.5 14.9 -5.1 111.5 -487.6 9160.8 -0.8 31.9
90919.0 90914.6 14.9 -13.5 111.5 -138.0 9160.8 -0.9 31.8
90919.0 90914.7 14.9 -15.6 111.4 -132.1 9160.8 -1.0 31.7
90908.0 90913.9 14.9 -19.3 111.4 -224.9 9160.8 -0.8 31.6
90902.0 90912.6 14.9 -25.7 111.4 -322.4 9160.8 -0.6 31.5
90937.0 90913.9 14.9 -28.6 111.4 -377.8 9160.8 -1.1 31.4
90936.0 90914.9 14.9 -32.8 111.3 -383.8 9160.8 -1.6 31.4
90921.0 90914.7 14.9 -38.8 111.3 -14.4 9160.8 -1.8 31.3
90918.0 90914.2 14.9 -38.6 111.3 -64.3 9160.8 -1.8 31.2
90883.0 90911.2 14.9 -44.4 111.3 -123.3 9160.8 -1.2 31.1
90894.0 90909.0 14.9 -49.5 111.2 -227.2 9160.8 -0.9 31.0
90919.0 90908.8 14.9 -52.7 111.2 -384.4 9160.8 -1.1 30.9
90918.0 90908.5 14.9 -59.3 111.2 -649.3 9160.8 -1.3 30.8
90904.0 90906.9 14.9 -72.4 111.2 -460.2 9160.8 -1.2 30.7
90926.0 90906.9 14.9 -78.2 111.1 -209.4 9160.8 -1.7 30.6
90904.0 90905.2 14.9 -82.2 111.1 -23.6 9160.8 -1.6 30.5
90909.0 90904.0 14.9 -82.1 111.1 -124.8 9160.8 -1.8 30.5
90883.0 90900.9 14.9 -87.5 111.1 -162.0 9160.8 -1.4 30.4
90896.0 90898.9 14.9 -90.9 111.0 -12.6 9160.8 -1.3 30.3
90910.0 90898.0 14.9 -89.1 111.0 65.9 9160.8 -1.6 30.2
90887.0 90895.6 14.9 -89.2 111.0 39.0 9160.8 -1.4 30.1
90917.0 90895.5 14.9 -84.8 111.0 131.2 9160.8 -1.8 30.0
90902.0 90894.5 14.9 -80.7 111.0 276.8 9160.8 -2.0 29.9
90905.0 90893.8 14.9 -73.4 110.9 303.1 9160.8 -2.2 29.9
90914.0 90894.0 14.9 -64.2 110.9 287.4 9160.8 -2.7 29.8
90902.0 90893.5 14.9 -57.3 110.9 170.9 9160.8 -2.9 29.7
90896.0 90892.6 14.9 -53.8 110.9 -61.5 9160.8 -2.9 29.6
90891.0 90891.5 14.9 -55.3 110.8 -166.8 9160.8 -2.9 29.5
90884.0 90889.9 14.9 -59.2 110.8 -7.7 9160.8 -2.8 29.4
90886.0 90888.5 14.9 -59.5 110.8 119.0 9160.8 -2.8 29.4
90895.0 90887.9 14.9 -56.3 110.8 -9.7 9160.8 -2.9 29.3
90908.0 90888.4 14.9 -53.7 110.8 -205.0 9160.8 -3.3 29.2
90870.0 90885.9 14.9 -60.8 110.7 -432.5 9160.8 -3.0 29.1
90886.0 90884.7 14.9 -69.5 110.7 -590.0 9160.8 -3.0 29.0
90871.0 90882.3 14.9 -83.1 110.7 -566.4 9160.8 -2.8 29.0
90911.0 90882.8 14.9 -89.5 110.7 -331.0 9160.8 -3.4 28.9
90904.0 90882.7 14.9 -92.6 110.7 -251.6 9160.8 -3.8 28.8
90895.0 90881.8 14.9 -96.0 110.6 -512.1 9160.8 -4.1 28.7
90890.0 90880.6 14.9 -105.3 110.6 -775.1 9160.8 -4.3 28.7
90888.0 90879.0 14.9 -119.4 110.6 -826.3 9160.8 -4.5 28.6
90864.0 90875.6 14.9 -137.5 110.6 -640.8 9160.8 -4.2 28.5
90884.0 90873.5 14.9 -148.1 110.6 -331.7 9160.8 -4.5 28.4
90876.0 90870.9 14.9 -153.5 110.5 -113.6 9160.8 -4.6 28.4
90878.0 90868.6 14.9 -154.5 110.5 -228.3 9160.8 -4.8 28.3
90893.0 90867.5 14.9 -155.4 110.5 -448.2 9160.8 -5.3 28.2
90874.0 90865.0 14.9 -162.9 110.5 -409.7 9160.8 -5.5 28.1
90855.0 90861.2 14.9 -171.8 110.5 -264.2 9160.8 -5.3 28.1
90870.0 90858.6 14.9 -175.9 110.4 -599.3 9160.8 -5.6 28.0
90866.0 90855.8 14.9 -186.0 110.4 -466.8 9160.8 -5.8 27.9
90848.0 90851.7 14.9 -195.2 110.4 -74.5 9160.8 -5.7 27.8
90851.0 90848.0 14.9 -196.5 110.4 -202.1 9160.8 -5.8 27.8
90859.0 90845.1 14.9 -198.7 110.4 -392.1 9160.8 -6.1 27.7
90842.0 90841.2 14.9 -206.0 110.3 -166.7 9160.8 -6.1 27.6
90855.0 90838.4 14.9 -204.8 110.3 871.3 9160.8 -6.4 27.6
90818.0 90833.2 14.9 -188.7 110.3 1477.8 9160.8 -6.1 27.5
90805.0 90827.9 14.9 -163.5 110.3 1081.6 9160.8 -5.6 27.4
90814.0 90824.0 14.9 -144.9 110.3 265.5 9160.8 -5.4 27.4
90834.0 90822.1 14.9 -138.6 110.3 -237.2 9160.8 -5.7 27.3
90816.0 90819.1 14.9 -143.9 110.2 -273.0 9160.8 -5.6 27.2
90827.0 90817.0 14.9 -147.4 110.2 -25.2 9160.8 -5.8 27.1
90817.0 90814.2 14.9 -146.6 110.2 400.0 9160.8 -5.9 27.1
90845.0 90813.9 14.9 -133.5 110.2 536.9 9160.8 -6.5 27.0
90784.0 90809.3 14.8 -126.9 110.2 465.6 9160.8 -6.0 26.9
90795.0 90806.0 14.8 -119.5 110.1 348.5 9160.8 -5.8 26.9
90797.0 90803.1 14.8 -113.8 110.1 196.7 9160.8 -5.6 26.8
90791.0 90800.2 14.8 -111.5 110.1 58.8 9160.8 -5.5 26.7
90807.0 90798.6 14.8 -109.0 110.1 86.6 9160.8 -5.6 26.7
90788.0 90795.8 14.8 -108.2 110.1 237.5 9160.8 -5.5 26.6
90774.0 90792.3 14.8 -105.9 110.1 458.1 9160.8 -5.1 26.6
90777.0 90789.3 14.8 -98.5 110.0 568.9 9160.8 -4.9 26.5
90782.0 90787.0 14.8 -88.1 110.0 476.5 9160.8 -4.8 26.4
90777.0 90784.7 14.8 -80.0 110.0 312.6 9160.8 -4.6 26.4
90783.0 90783.2 14.8 -74.4 110.0 21.7 9160.8 -4.6 26.3
90786.0 90782.0 14.8 -73.4 110.0 -38.3 9160.8 -4.7 26.2
90774.0 90780.0 14.8 -75.0 110.0 23.9 9160.8 -4.6 26.2
90779.0 90778.6 14.8 -74.3 109.9 104.6 9160.8 -4.6 26.1
90762.0 90776.0 14.8 -74.1 109.9 283.6 9160.8 -4.3 26.0
90781.0 90775.1 14.8 -67.5 109.9 272.5 9160.8 -4.5 26.0
90778.0 90774.1 14.8 -61.7 109.9 147.0 9160.8 -4.5 25.9
90787.0 90773.9 14.8 -57.0 109.9 -16.9 9160.8 -4.8 25.9
90764.0 90772.1 14.8 -58.7 109.9 -76.4 9160.8 -4.6 25.8
90760.0 90770.1 14.8 -61.6 109.8 66.5 9160.8 -4.4 25.7
90754.0 90767.8 14.8 -61.9 109.8 343.7 9160.8 -4.2 25.7
90756.0 90765.9 14.8 -56.5 109.8 374.8 9160.8 -4.0 25.6
90759.0 90764.4 14.8 -50.0 109.8 273.3 9160.8 -3.9 25.6
90756.0 90762.9 14.8 -45.9 109.8 109.5 9160.8 -3.8 25.5
90728.0 90759.5 14.8 -48.8 109.8 29.4 9160.8 -3.2 25.4
90764.0 90758.9 14.8 -47.5 109.8 10.0 9160.8 -3.3 25.4
90750.0 90757.4 14.8 -48.5 109.7 -11.2 9160.8 -3.1 25.3
90753.0 90756.1 14.8 -49.0 109.7 77.2 9160.8 -3.1 25.3
90763.0 90755.8 14.8 -46.1 109.7 230.4 9160.8 -3.2 25.2
90742.0 90753.9 14.8 -43.2 109.7 275.8 9160.8 -3.0 25.1
90732.0 90751.6 14.8 -41.0 109.7 150.9 9160.8 -2.6 25.1
90754.0 90751.0 14.8 -37.7 109.7 82.5 9160.8 -2.7 25.0
90758.0 90750.8 14.8 -34.9 109.6 61.1 9160.8 -2.8 25.0
90760.0 90750.9 14.8 -32.3 109.6 48.2 9160.8 -3.0 24.9
90726.0 90748.4 14.8 -34.8 109.6 85.6 9160.8 -2.6 24.9
90746.0 90747.6 14.8 -33.2 109.6 126.7 9160.8 -2.5 24.8
90758.0 90747.8 14.8 -29.1 109.6 160.1 9160.8 -2.7 24.7
90771.0 90749.0 14.8 -22.3 109.6 238.7 9160.8 -3.1 24.7
90766.0 90749.9 14.8 -14.8 109.6 325.6 9160.8 -3.4 24.6
90748.0 90749.5 14.8 -8.5 109.5 341.9 9160.8 -3.4 24.6
90766.0 90750.7 14.8 0.7 109.5 349.1 9160.8 -3.7 24.5
90765.0 90751.8 14.8 9.8 109.5 358.6 9160.8 -3.9 24.5
90742.0 90751.3 14.8 15.6 109.5 405.9 9160.8 -3.7 24.4
90756.0 90752.0 14.8 24.4 109.5 439.6 9160.8 -3.8 24.4
90754.0 90752.7 14.8 33.5 109.5 480.0 9160.8 -3.8 24.3
90755.0 90753.6 14.8 43.3 109.5 469.8 9160.8 -3.8 24.3
90764.0 90755.2 14.8 54.0 109.4 439.7 9160.8 -4.0 24.2
90744.0 90755.5 14.8 60.9 109.4 390.9 9160.8 -3.8 24.2
90757.0 90756.8 14.8 68.7 109.4 365.0 9160.8 -3.8 24.1
90771.0 90759.2 14.8 77.9 109.4 393.9 9160.8 -4.0 24.0
90768.0 90761.4 14.8 86.7 109.4 332.8 9160.8 -4.1 24.0
90753.0 90762.4 14.8 91.7 109.4 237.5 9160.8 -4.0 23.9
90773.0 90764.9 14.8 97.6 109.4 175.3 9160.8 -4.1 23.9
90777.0 90767.7 14.8 102.4 109.3 113.2 9160.8 -4.3 23.8
90762.0 90769.2 14.8 103.5 109.3 54.8 9160.8 -4.1 23.8
90775.0 90771.5 14.8 105.2 109.3 131.1 9160.8 -4.2 23.7
90795.0 90775.2 14.8 111.1 109.3 203.8 9160.8 -4.5 23.7
90792.0 90778.6 14.8 117.2 109.3 183.8 9160.8 -4.8 23.6
90794.0 90781.9 14.8 122.6 109.3 94.0 9160.8 -5.0 23.6
90769.0 90783.2 14.8 122.1 109.3 15.2 9160.8 -4.7 23.5
90788.0 90785.8 14.8 122.6 109.3 -71.0 9160.8 -4.8 23.5
90788.0 90788.3 14.8 121.0 109.2 -142.5 9160.8 -4.8 23.4
90783.0 90790.1 14.8 117.0 109.2 -154.3 9160.8 -4.7 23.4
90792.0 90792.4 14.8 113.9 109.2 -136.9 9160.8 -4.6 23.3
90775.0 90793.2 14.8 108.3 109.2 -150.9 9160.8 -4.3 23.3
90816.0 90796.8 14.8 108.2 109.2 -195.6 9160.8 -4.7 23.2
90814.0 90800.1 14.8 106.6 109.2 -112.5 9160.8 -4.9 23.2
90800.0 90802.0 14.8 104.1 109.2 -80.0 9160.8 -4.9 23.1
90812.0 90804.7 14.8 103.6 109.2 -135.4 9160.8 -5.0 23.1
90805.0 90806.6 14.8 100.5 109.1 -214.1 9160.8 -5.0 23.1
90828.0 90810.0 14.8 98.7 109.1 -360.3 9160.8 -5.3 23.0
90810.0 90811.8 14.8 91.1 109.1 -445.5 9160.8 -5.2 23.0
90817.0 90813.8 14.8 82.8 109.1 -401.8 9160.8 -5.3 22.9
90828.0 90816.3 14.8 76.7 109.1 -314.0 9160.8 -5.5 22.9
90833.0 90818.9 14.8 72.9 109.1 -157.2 9160.8 -5.7 22.8
90807.0 90819.3 14.8 68.0 109.1 -102.2 9160.8 -5.5 22.8
90827.0 90821.1 14.8 66.9 109.1 -75.0 9160.8 -5.6 22.7
90840.0 90823.7 14.8 67.9 109.0 -92.2 9160.8 -5.9 22.7
90841.0 90826.2 14.8 68.3 109.0 -107.6 9160.8 -6.1 22.6
90836.0 90828.2 14.8 67.4 109.0 -102.4 9160.8 -6.3 22.6
90808.0 90827.9 14.8 62.3 109.0 -59.7 9160.8 -5.9 22.5
90815.0 90828.1 14.8 59.2 109.0 32.1 9160.8 -5.7 22.5
90836.0 90829.8 14.8 60.8 109.0 17.7 9160.8 -5.8 22.5
90822.0 90830.4 14.8 59.7 109.0 -67.0 9160.8 -5.7 22.4
90825.0 90831.1 14.8 57.3 109.0 -128.8 9160.8 -5.6 22.4
90857.0 90834.0 14.8 58.3 108.9 -127.8 9160.8 -6.0 22.3
90818.0 90833.9 14.8 53.4 108.9 -46.1 9160.8 -5.7 22.3
90825.0 90834.2 14.8 51.2 108.9 -4.7 9160.8 -5.5 22.2
90845.0 90836.0 14.8 52.5 108.9 -7.9 9160.8 -5.7 22.2
90838.0 90837.1 14.8 52.4 108.9 -40.7 9160.8 -5.7 22.1
90867.0 90840.2 14.8 55.6 108.9 -115.9 9160.8 -6.1 22.1
90838.0 90841.1 14.8 52.7 108.9 -174.9 9160.8 -6.1 22.1
90848.0 90842.5 14.8 50.1 108.9 -128.7 9160.8 -6.2 22.0
90838.0 90843.1 14.8 46.7 108.9 -132.7 9160.8 -6.1 22.0
90830.0 90843.0 14.8 42.1 108.8 -121.9 9160.8 -5.9 21.9
90856.0 90844.7 14.8 41.4 108.8 -105.7 9160.8 -6.1 21.9
90871.0 90847.4 14.8 42.9 108.8 -165.5 9160.8 -6.4 21.8
90847.0 90848.1 14.8 39.4 108.8 -173.1 9160.8 -6.4 21.8
90836.0 90847.9 14.8 34.1 108.8 -139.7 9160.8 -6.2 21.8
90840.0 90848.0 14.8 30.2 108.8 -102.3 9160.8 -6.1 21.7
90855.0 90849.0 14.8 29.2 108.8 -20.7 9160.8 -6.2 21.7
90837.0 90848.7 14.8 27.0 108.8 1.2 9160.8 -6.0 21.6
90874.0 90851.0 14.8 30.6 108.8 -4.6 9160.8 -6.4 21.6
90876.0 90853.4 14.8 33.9 108.7 -54.0 9160.8 -6.7 21.6
90830.0 90852.3 14.8 29.3 108.7 -111.6 9160.8 -6.4 21.5
90850.0 90852.7 14.7 26.6 108.7 -141.7 9160.8 -6.3 21.5
90891.0 90856.0 14.7 29.2 108.7 -145.9 9160.8 -6.9 21.4
90867.0 90857.3 14.7 27.8 108.7 -113.6 9160.8 -7.0 21.4
90827.0 90855.5 14.7 21.0 108.7 -151.5 9160.8 -6.6 21.4
90843.0 90855.0 14.7 16.1 108.7 -157.5 9160.8 -6.4 21.3
90865.0 90856.0 14.7 14.5 108.7 -101.0 9160.8 -6.6 21.3
90826.0 90854.0 14.7 8.1 108.7 -116.0 9160.8 -6.1 21.2
90825.0 90852.0 14.7 1.5 108.6 -182.1 9160.8 -5.7 21.2
90846.0 90851.6 14.7 -3.1 108.6 -200.1 9160.8 -5.6 21.2
90854.0 90851.6 14.7 -6.6 108.6 -141.0 9160.8 -5.7 21.1
90830.0 90849.9 14.7 -12.4 108.6 -106.6 9160.8 -5.3 21.1
90868.0 90851.0 14.7 -11.9 108.6 -66.4 9160.8 -5.6 21.0
90847.0 90850.5 14.7 -13.6 108.6 -23.2 9160.8 -5.6 21.0
90843.0 90849.6 14.7 -15.2 108.6 -78.6 9160.8 -5.5 21.0
90854.0 90849.7 14.7 -16.3 108.6 -143.4 9160.8 -5.5 20.9
90864.0 90850.4 14.7 -17.1 108.6 -172.1 9160.8 -5.7 20.9
90849.0 90849.9 14.7 -20.6 108.6 -159.0 9160.8 -5.7 20.8
90851.0 90849.6 14.7 -23.5 108.5 -93.0 9160.8 -5.7 20.8
90863.0 90850.1 14.7 -23.2 108.5 -15.4 9160.8 -5.9 20.8
90870.0 90851.2 14.7 -20.6 108.5 -41.0 9160.8 -6.2 20.7
90857.0 90851.2 14.7 -20.6 108.5 -34.9 9160.8 -6.3 20.7
90844.0 90850.3 14.7 -22.2 108.5 -16.0 9160.8 -6.2 20.7
90845.0 90849.5 14.7 -23.2 108.5 -22.2 9160.8 -6.1 20.6
90817.0 90846.7 14.7 -28.3 108.5 -21.9 9160.8 -5.7 20.6
90838.0 90845.5 14.7 -29.8 108.5 -0.5 9160.8 -5.6 20.5
90856.0 90845.7 14.7 -28.2 108.5 24.9 9160.8 -5.7 20.5
90849.0 90845.5 14.7 -27.3 108.5 -35.8 9160.8 -5.8 20.5
90833.0 90844.0 14.7 -29.7 108.5 -42.1 9160.8 -5.6 20.4
90814.0 90841.3 14.7 -34.7 108.4 -5.3 9160.8 -5.2 20.4
90863.0 90842.2 14.7 -31.6 108.4 -8.8 9160.8 -5.5 20.4
90839.0 90841.4 14.7 -32.2 108.4 -29.9 9160.8 -5.5 20.3
90866.0 90842.6 14.7 -29.2 108.4 -47.8 9160.8 -5.8 20.3
90853.0 90842.8 14.7 -28.6 108.4 -57.8 9160.8 -6.0 20.3
90843.0 90842.3 14.7 -29.6 108.4 -34.2 9160.8 -6.0 20.2
90847.0 90842.1 14.7 -29.5 108.4 -22.0 9160.8 -6.1 20.2
90827.0 90840.4 14.7 -32.0 108.4 -13.1 9160.8 -5.9 20.2
90824.0 90838.6 14.7 -34.5 108.4 -16.8 9160.8 -5.7 20.1
90845.0 90838.5 14.7 -33.9 108.4 -27.8 9160.8 -5.8 20.1
90853.0 90838.9 14.7 -32.3 108.3 -62.5 9160.8 -6.0 20.0
90815.0 90836.5 14.7 -37.0 108.3 -104.7 9160.8 -5.6 20.0
90850.0 90836.8 14.7 -36.9 108.3 -51.1 9160.8 -5.8 20.0
90821.0 90834.9 14.7 -40.0 108.3 6.5 9160.8 -5.6 19.9
90836.0 90834.3 14.7 -39.6 108.3 24.7 9160.8 -5.7 19.9
90822.0 90832.7 14.7 -40.8 108.3 -0.3 9160.8 -5.5 19.9
90832.0 90831.9 14.7 -40.8 108.3 -44.4 9160.8 -5.5 19.8
90830.0 90831.0 14.7 -41.9 108.3 -79.7 9160.8 -5.5 19.8
90851.0 90831.6 14.7 -40.5 108.3 -93.1 9160.8 -5.8 19.8
90831.0 90830.8 14.7 -42.4 108.3 -98.6 9160.8 -5.8 19.7
90830.0 90830.0 14.7 -44.3 108.3 -80.1 9160.8 -5.8 19.7
90822.0 90828.5 14.7 -46.7 108.2 29.2 9160.8 -5.7 19.7
90848.0 90829.1 14.7 -43.0 108.2 147.3 9160.8 -6.0 19.6
90820.0 90827.7 14.7 -41.1 108.2 250.2 9160.8 -5.8 19.6
90805.0 90825.3 14.7 -39.2 108.2 249.2 9160.8 -5.6 19.6
90823.0 90824.4 14.7 -34.5 108.2 195.1 9160.8 -5.5 19.5
90835.0 90824.6 14.7 -29.2 108.2 102.0 9160.8 -5.7 19.5
90839.0 90825.1 14.7 -25.1 108.2 51.4 9160.8 -5.9 19.5
90785.0 90821.7 14.7 -29.8 108.2 22.2 9160.8 -5.4 19.4
90808.0 90820.2 14.7 -31.4 108.2 -70.5 9160.8 -5.2 19.4
90850.0 90821.8 14.7 -28.2 108.2 89.6 9160.8 -5.6 19.4
90824.0 90821.4 14.7 -26.0 108.2 85.3 9160.8 -5.6 19.3
90832.0 90821.8 14.7 -22.7 108.2 97.9 9160.8 -5.8 19.3
90840.0 90822.7 14.7 -18.0 108.1 115.2 9160.8 -6.0 19.3
90823.0 90822.4 14.7 -15.7 108.1 93.9 9160.8 -6.0 19.3
90823.0 90822.2 14.7 -13.8 108.1 46.9 9160.8 -6.0 19.2
90812.0 90821.2 14.7 -14.3 108.1 11.6 9160.8 -5.9 19.2
90816.0 90820.5 14.7 -14.8 108.1 -33.5 9160.8 -5.8 19.2
90846.0 90822.1 14.7 -11.8 108.1 -36.8 9160.8 -6.2 19.1
90822.0 90821.9 14.7 -12.5 108.1 3.3 9160.8 -6.2 19.1
90824.0 90821.8 14.7 -12.0 108.1 64.0 9160.8 -6.2 19.1
90814.0 90821.0 14.7 -11.7 108.1 114.5 9160.8 -6.1 19.0
90814.0 90820.3 14.7 -10.5 108.1 53.2 9160.8 -6.0 19.0
90810.0 90819.4 14.7 -10.8 108.1 89.1 9160.8 -5.9 19.0
90825.0 90819.6 14.7 -8.3 108.1 20.8 9160.8 -6.0 18.9
90817.0 90819.3 14.7 -8.3 108.0 0.7 9160.8 -5.9 18.9
90827.0 90819.7 14.7 -7.2 108.0 -12.9 9160.8 -6.0 18.9
90851.0 90821.9 14.7 -2.9 108.0 -2.8 9160.8 -6.4 18.9
90812.0 90821.1 14.7 -4.3 108.0 14.0 9160.8 -6.3 18.8
90794.0 90819.0 14.7 -7.9 108.0 33.9 9160.8 -6.0 18.8
90811.0 90818.3 14.7 -8.3 108.0 55.3 9160.8 -5.9 18.8
90813.0 90817.8 14.7 -7.8 108.0 88.7 9160.8 -5.8 18.7
90820.0 90817.8 14.7 -5.7 108.0 89.8 9160.8 -5.8 18.7
90809.0 90817.0 14.7 -5.2 108.0 52.5 9160.8 -5.7 18.7
90816.0 90816.9 14.7 -4.4 108.0 18.2 9160.8 -5.7 18.6
90821.0 90817.1 14.7 -3.5 108.0 -10.7 9160.8 -5.8 18.6
90795.0 90815.4 14.7 -6.9 108.0 -33.8 9160.8 -5.5 18.6
90821.0 90815.7 14.7 -6.6 108.0 9.0 9160.8 -5.6 18.6
90825.0 90816.2 14.7 -5.1 107.9 41.5 9160.8 -5.7 18.5
90814.0 90816.0 14.7 -4.6 107.9 0.3 9160.8 -5.6 18.5
90816.0 90815.9 14.7 -4.5 107.9 71.6 9160.8 -5.6 18.5
90809.0 90815.3 14.7 -4.1 107.9 26.0 9160.8 -5.6 18.4
90826.0 90816.1 14.7 -2.1 107.9 -0.5 9160.8 -5.7 18.4
90821.0 90816.4 14.7 -1.4 107.9 8.6 9160.8 -5.8 18.4
90800.0 90815.2 14.7 -3.5 107.9 18.6 9160.8 -5.6 18.4
90821.0 90815.5 14.7 -2.3 107.9 16.7 9160.8 -5.6 18.3
90813.0 90815.3 14.7 -2.3 107.9 24.7 9160.8 -5.6 18.3
90818.0 90815.5 14.7 -1.4 107.9 32.1 9160.8 -5.6 18.3
90814.0 90815.3 14.7 -1.0 107.9 30.2 9160.8 -5.6 18.2
90804.0 90814.5 14.7 -2.0 107.9 43.4 9160.8 -5.5 18.2
90817.0 90814.6 14.7 -0.7 107.9 38.5 9160.8 -5.5 18.2
90820.0 90815.0 14.7 0.7 107.9 14.5 9160.8 -5.6 18.2
90810.0 90814.7 14.7 0.3 107.8 2.0 9160.8 -5.5 18.1
90826.0 90815.5 14.7 1.9 107.8 -13.5 9160.8 -5.6 18.1
90824.0 90816.2 14.7 2.9 107.8 -7.1 9160.8 -5.7 18.1
90834.0 90817.5 14.7 5.3 107.8 16.7 9160.8 -6.0 18.1
90821.0 90817.9 14.7 6.1 107.8 34.6 9160.8 -6.0 18.0
90824.0 90818.5 14.7 7.7 107.8 14.1 9160.8 -6.1 18.0
90824.0 90819.0 14.7 8.7 107.8 12.8 9160.8 -6.1 18.0
90807.0 90818.3 14.7 7.2 107.8 14.5 9160.8 -6.0 17.9
90833.0 90819.5 14.7 9.6 107.8 -1.8 9160.8 -6.2 17.9
90825.0 90820.1 14.7 10.3 107.8 -5.4 9160.8 -6.2 17.9
90831.0 90821.1 14.7 11.7 107.8 -13.2 9160.8 -6.4 17.9
90808.0 90820.3 14.7 9.5 107.8 -10.5 9160.8 -6.2 17.8
90818.0 90820.3 14.7 9.0 107.8 6.9 9160.8 -6.2 17.8
90833.0 90821.4 14.7 11.0 107.8 59.4 9160.8 -6.3 17.8
90818.0 90821.4 14.7 11.7 107.7 57.7 9160.8 -6.3 17.8
90828.0 90822.1 14.7 13.7 107.7 33.2 9160.8 -6.4 17.7
90830.0 90822.9 14.7 15.4 107.7 3.4 9160.8 -6.4 17.7
90831.0 90823.8 14.7 16.5 107.7 -7.5 9160.8 -6.5 17.7
90806.0 90822.8 14.7 13.8 107.7 -6.8 9160.8 -6.3 17.7
90808.0 90822.0 14.7 11.5 107.7 -10.6 9160.8 -6.1 17.6
90803.0 90820.8 14.7 8.6 107.7 1.6 9160.8 -5.9 17.6
90817.0 90820.7 14.7 8.0 107.7 -23.4 9160.8 -5.9 17.6
90822.0 90820.9 14.7 7.7 107.7 -9.2 9160.8 -5.9 17.6
90806.0 90820.0 14.7 5.4 107.7 -12.9 9160.8 -5.7 17.5
90832.0 90820.9 14.7 7.0 107.7 78.0 9160.8 -5.8 17.5
90806.0 90820.0 14.7 6.3 107.7 6.0 9160.8 -5.7 17.5
90806.0 90819.1 14.7 4.4 107.7 -1.2 9160.8 -5.5 17.5
90817.0 90819.0 14.7 4.0 107.7 1.4 9160.8 -5.5 17.4
90836.0 90820.3 14.7 6.5 107.7 4.2 9160.8 -5.7 17.4
90841.0 90822.0 14.7 9.5 107.6 1.6 9160.8 -5.9 17.4
90796.0 90820.2 14.7 5.8 107.6 2.8 9160.8 -5.6 17.4
90836.0 90821.5 14.7 8.1 107.6 3.7 9160.8 -5.8 17.3
90824.0 90821.8 14.7 8.5 107.6 5.3 9160.8 -5.8 17.3
90810.0 90821.1 14.7 6.9 107.6 11.9 9160.8 -5.7 17.3
90820.0 90821.2 14.7 6.9 107.6 -2.6 9160.8 -5.7 17.3
90819.0 90821.1 14.7 6.5 107.6 -11.0 9160.8 -5.6 17.2
90816.0 90820.9 14.7 5.6 107.6 7.0 9160.8 -5.6 17.2
90835.0 90822.0 14.7 7.7 107.6 -0.7 9160.8 -5.7 17.2
90816.0 90821.7 14.7 6.8 107.6 -1.1 9160.8 -5.7 17.2
90805.0 90820.6 14.7 4.4 107.6 -4.5 9160.8 -5.5 17.1
90820.0 90820.7 14.7 4.2 107.6 4.2 9160.8 -5.5 17.1
90809.0 90819.9 14.7 2.6 107.6 1.6 9160.8 -5.3 17.1
90825.0 90820.3 14.7 3.4 107.6 -1.8 9160.8 -5.4 17.1
90794.0 90818.4 14.7 -0.4 107.6 -4.3 9160.8 -5.1 17.0
90809.0 90817.7 14.7 -1.8 107.5 -2.8 9160.8 -5.0 17.0
90840.0 90819.3 14.7 1.3 107.5 7.2 9160.8 -5.2 17.0
90799.0 90817.9 14.7 -1.5 107.5 1.8 9160.8 -5.0 17.0
90789.0 90815.7 14.7 -5.6 107.5 -7.9 9160.8 -4.7 16.9
90824.0 90816.2 14.7 -4.5 107.5 6.4 9160.8 -4.8 16.9
90831.0 90817.2 14.7 -2.3 107.5 -0.2 9160.8 -4.9 16.9
90851.0 90819.7 14.7 2.5 107.5 1.1 9160.8 -5.3 16.9
90830.0 90820.5 14.7 4.0 107.5 2.8 9160.8 -5.4 16.9
90832.0 90821.4 14.7 5.7 107.5 3.2 9160.8 -5.6 16.8
90830.0 90822.1 14.7 7.0 107.5 -0.5 9160.8 -5.7 16.8
90832.0 90823.0 14.7 8.4 107.5 2.5 9160.8 -5.8 16.8
90821.0 90823.0 14.7 8.1 107.5 0.8 9160.8 -5.7 16.8
90813.0 90822.4 14.7 6.7 107.5 0.8 9160.8 -5.6 16.7
90803.0 90821.1 14.7 3.9 107.5 -0.2 9160.8 -5.4 16.7
90836.0 90822.3 14.7 6.0 107.5 -0.6 9160.8 -5.6 16.7
90845.0 90824.0 14.7 9.2 107.5 0.2 9160.8 -5.8 16.7
90826.0 90824.4 14.7 9.5 107.5 -0.8 9160.8 -5.9 16.7
90808.0 90823.3 14.7 7.1 107.4 -1.0 9160.8 -5.7 16.6
90829.0 90823.9 14.7 7.9 107.4 -0.7 9160.8 -5.7 16.6
90851.0 90826.0 14.7 11.7 107.4 -1.2 9160.8 -6.0 16.6
90828.0 90826.4 14.7 11.9 107.4 2.6 9160.8 -6.1 16.6
90792.0 90824.1 14.7 7.0 107.4 2.1 9160.8 -5.7 16.5
90846.0 90825.8 14.7 10.2 107.4 1.4 9160.8 -5.9 16.5
90810.0 90824.8 14.7 7.9 107.4 -1.2 9160.8 -5.7 16.5
90827.0 90825.1 14.7 8.2 107.4 -2.1 9160.8 -5.8 16.5
90812.0 90824.3 14.7 6.2 107.4 -0.1 9160.8 -5.6 16.5
90820.0 90824.1 14.7 5.6 107.4 0.8 9160.8 -5.6 16.4
90834.0 90825.0 14.7 7.0 107.4 -0.1 9160.8 -5.7 16.4
90823.0 90824.9 14.7 6.7 107.4 2.0 9160.8 -5.6 16.4
90827.0 90825.2 14.7 7.0 107.4 1.2 9160.8 -5.7 16.4
90810.0 90824.2 14.7 4.9 107.4 -0.3 9160.8 -5.5 16.3
90827.0 90824.5 14.7 5.2 107.4 0.6 9160.8 -5.5 16.3
90843.0 90826.0 14.7 7.9 107.4 1.4 9160.8 -5.7 16.3
90826.0 90826.1 14.7 7.9 107.4 0.7 9160.8 -5.7 16.3
90836.0 90827.0 14.7 9.3 107.3 0.6 9160.8 -5.8 16.3
90839.0 90828.0 14.7 11.0 107.3 2.9 9160.8 -6.0 16.2
90825.0 90828.0 14.7 10.6 107.3 1.0 9160.8 -5.9 16.2
90831.0 90828.4 14.7 11.0 107.3 1.3 9160.8 -6.0 16.2
90836.0 90829.2 14.7 12.0 107.3 3.2 9160.8 -6.0 16.2
90821.0 90828.8 14.7 10.9 107.3 0.6 9160.8 -5.9 16.2
90804.0 90827.2 14.7 7.4 107.3 1.8 9160.8 -5.7 16.1
90807.0 90825.9 14.7 4.5 107.3 -2.0 9160.8 -5.4 16.1
90847.0 90827.5 14.7 7.5 107.3 2.2 9160.8 -5.7 16.1
90814.0 90826.6 14.7 5.6 107.3 3.2 9160.8 -5.5 16.1
90815.0 90825.9 14.7 4.0 107.3 -0.7 9160.8 -5.4 16.1
90815.0 90825.2 14.7 2.4 107.3 -1.8 9160.8 -5.3 16.0
90816.0 90824.5 14.7 1.0 107.3 -4.7 9160.8 -5.2 16.0
90800.0 90822.8 14.6 -2.5 107.3 1.9 9160.8 -4.9 16.0
90821.0 90822.6 14.6 -2.7 107.3 3.4 9160.8 -4.9 16.0
90834.0 90823.4 14.6 -1.0 107.3 -1.2 9160.8 -5.0 16.0
90811.0 90822.4 14.6 -2.8 107.3 -0.4 9160.8 -4.9 15.9
90812.0 90821.6 14.6 -4.3 107.3 0.4 9160.8 -4.8 15.9
90832.0 90822.3 14.6 -2.8 107.3 0.8 9160.8 -4.9 15.9
90845.0 90823.9 14.6 0.4 107.2 0.7 9160.8 -5.1 15.9
90803.0 90822.4 14.6 -2.5 107.2 1.1 9160.8 -4.9 15.9
90831.0 90823.0 14.6 -1.3 107.2 -0.8 9160.8 -5.0 15.8
90825.0 90823.1 14.6 -1.0 107.2 2.1 9160.8 -5.0 15.8
90820.0 90822.9 14.6 -1.4 107.2 0.7 9160.8 -5.0 15.8
90807.0 90821.7 14.6 -3.6 107.2 -0.3 9160.8 -4.8 15.8
90807.0 90820.5 14.6 -5.7 107.2 0.0 9160.8 -4.7 15.8
90821.0 90820.5 14.6 -5.6 107.2 1.2 9160.8 -4.7 15.7
90830.0 90821.0 14.6 -4.2 107.2 -0.7 9160.8 -4.8 15.7
90839.0 90822.3 14.6 -1.7 107.2 -0.5 9160.8 -5.0 15.7
90793.0 90820.1 14.6 -5.8 107.2 0.6 9160.8 -4.7 15.7
90822.0 90820.1 14.6 -5.5 107.2 0.6 9160.8 -4.7 15.7
90822.0 90820.2 14.6 -5.2 107.2 0.1 9160.8 -4.7 15.6
90820.0 90820.1 14.6 -5.2 107.2 -0.6 9160.8 -4.7 15.6
90805.0 90818.9 14.6 -7.4 107.2 -0.1 9160.8 -4.5 15.6
90808.0 90817.9 14.6 -8.9 107.2 -1.3 9160.8 -4.4 15.6
90824.0 90818.2 14.6 -8.0 107.2 0.1 9160.8 -4.5 15.6
90819.0 90818.1 14.6 -7.9 107.2 0.8 9160.8 -4.5 15.5
90833.0 90819.1 14.6 -5.8 107.2 0.0 9160.8 -4.7 15.5
90810.0 90818.3 14.6 -7.0 107.1 -2.1 9160.8 -4.6 15.5
90821.0 90818.4 14.6 -6.7 107.1 -0.4 9160.8 -4.6 15.5
90832.0 90819.2 14.6 -4.7 107.1 -0.0 9160.8 -4.7 15.5
90830.0 90819.9 14.6 -3.2 107.1 -0.8 9160.8 -4.9 15.5
90830.0 90820.6 14.6 -1.8 107.1 -1.2 9160.8 -5.0 15.4
90822.0 90820.7 14.6 -1.6 107.1 -0.3 9160.8 -5.0 15.4
90838.0 90821.9 14.6 0.9 107.1 -0.4 9160.8 -5.2 15.4
90836.0 90823.0 14.6 2.8 107.1 1.3 9160.8 -5.3 15.4
90823.0 90823.0 14.6 2.9 107.1 -0.7 9160.8 -5.3 15.4
90834.0 90823.9 14.6 4.4 107.1 0.9 9160.8 -5.4 15.3
90837.0 90824.9 14.6 6.3 107.1 0.7 9160.8 -5.5 15.3
90824.0 90825.0 14.6 6.1 107.1 0.6 9160.8 -5.5 15.3
90830.0 90825.4 14.6 6.8 107.1 1.8 9160.8 -5.6 15.3
90843.0 90826.9 14.6 9.3 107.1 2.2 9160.8 -5.8 15.3
90838.0 90827.9 14.6 10.9 107.1 2.3 9160.8 -5.9 15.3
90818.0 90827.3 14.6 9.6 107.1 0.4 9160.8 -5.8 15.2
90825.0 90827.3 14.6 9.2 107.1 2.1 9160.8 -5.8 15.2
90820.0 90827.0 14.6 8.2 107.1 1.4 9160.8 -5.7 15.2
90828.0 90827.2 14.6 8.3 107.1 0.1 9160.8 -5.7 15.2
90860.0 90829.8 14.6 12.9 107.1 0.6 9160.8 -6.0 15.2
90845.0 90831.1 14.6 15.1 107.1 0.2 9160.8 -6.2 15.1
90830.0 90831.3 14.6 14.9 107.0 2.3 9160.8 -6.2 15.1
90827.0 90831.3 14.6 14.3 107.0 2.1 9160.8 -6.1 15.1
90809.0 90829.9 14.6 11.1 107.0 2.0 9160.8 -5.9 15.1
90819.0 90829.3 14.6 9.6 107.0 -1.4 9160.8 -5.8 15.1
90827.0 90829.3 14.6 9.2 107.0 0.4 9160.8 -5.7 15.1
90831.0 90829.6 14.6 9.4 107.0 1.1 9160.8 -5.8 15.0
90847.0 90831.1 14.6 11.9 107.0 -0.8 9160.8 -5.9 15.0
90842.0 90832.1 14.6 13.4 107.0 1.7 9160.8 -6.0 15.0
90839.0 90832.8 14.6 14.4 107.0 2.7 9160.8 -6.1 15.0
90819.0 90832.1 14.6 12.4 107.0 0.6 9160.8 -6.0 15.0
90826.0 90831.9 14.6 11.5 107.0 2.5 9160.8 -5.9 15.0
90829.0 90831.9 14.6 11.1 107.0 0.6 9160.8 -5.9 14.9
90808.0 90830.3 14.6 7.7 107.0 -2.6 9160.8 -5.6 14.9
90812.0 90829.1 14.6 5.1 107.0 -1.9 9160.8 -5.4 14.9
90824.0 90828.9 14.6 4.3 107.0 -5.6 9160.8 -5.4 14.9
90831.0 90829.1 14.6 4.5 107.0 -1.3 9160.8 -5.4 14.9
90821.0 90828.6 14.6 3.3 107.0 -2.9 9160.8 -5.3 14.9
90810.0 90827.3 14.6 0.6 107.0 -3.0 9160.8 -5.1 14.8
90805.0 90825.7 14.6 -2.6 107.0 0.3 9160.8 -4.9 14.8
90832.0 90826.1 14.6 -1.7 107.0 8.0 9160.8 -5.0 14.8
90833.0 90826.5 14.6 -0.6 107.0 0.1 9160.8 -5.0 14.8
90840.0 90827.5 14.6 1.3 107.0 -1.1 9160.8 -5.2 14.8
90823.0 90827.2 14.6 0.7 107.0 -0.5 9160.8 -5.1 14.8
90818.0 90826.6 14.6 -0.7 106.9 -0.5 9160.8 -5.0 14.7
90809.0 90825.3 14.6 -3.1 106.9 -0.1 9160.8 -4.9 14.7
90823.0 90825.0 14.6 -3.5 106.9 -0.9 9160.8 -4.8 14.7
90812.0 90824.0 14.6 -5.3 106.9 1.6 9160.8 -4.7 14.7
90808.0 90822.7 14.6 -7.5 106.9 -1.5 9160.8 -4.6 14.7
90833.0 90823.4 14.6 -6.1 106.9 0.4 9160.8 -4.7 14.7
90838.0 90824.3 14.6 -4.0 106.9 0.8 9160.8 -4.8 14.6
90824.0 90824.2 14.6 -4.0 106.9 -0.3 9160.8 -4.8 14.6
90813.0 90823.3 14.6 -5.6 106.9 -0.4 9160.8 -4.7 14.6
90823.0 90823.2 14.6 -5.6 106.9 0.1 9160.8 -4.7 14.6
90813.0 90822.4 14.6 -7.0 106.9 1.2 9160.8 -4.6 14.6
90863.0 90825.2 14.6 -1.2 106.9 1.2 9160.8 -5.0 14.6
90819.0 90824.7 14.6 -2.1 106.9 -0.4 9160.8 -4.9 14.5
90832.0 90825.2 14.6 -1.1 106.9 -0.4 9160.8 -5.0 14.5
90832.0 90825.7 14.6 -0.1 106.9 -0.2 9160.8 -5.1 14.5
90821.0 90825.4 14.6 -0.8 106.9 -0.1 9160.8 -5.0 14.5
90803.0 90823.7 14.6 -3.9 106.9 2.0 9160.8 -4.8 14.5
90809.0 90822.6 14.6 -6.0 106.9 0.8 9160.8 -4.7 14.5
90823.0 90822.5 14.6 -5.9 106.9 0.8 9160.8 -4.7 14.5
90812.0 90821.6 14.6 -7.3 106.9 0.8 9160.8 -4.6 14.4
90805.0 90820.2 14.6 -9.6 106.9 -0.1 9160.8 -4.4 14.4
90829.0 90820.7 14.6 -8.4 106.9 -0.9 9160.8 -4.5 14.4
90829.0 90821.2 14.6 -7.2 106.9 -0.9 9160.8 -4.6 14.4
90838.0 90822.3 14.6 -4.8 106.9 0.0 9160.8 -4.7 14.4
90841.0 90823.5 14.6 -2.2 106.8 -0.0 9160.8 -4.9 14.4
90813.0 90822.7 14.6 -3.6 106.8 0.9 9160.8 -4.8 14.3
90810.0 90821.7 14.6 -5.4 106.8 0.6 9160.8 -4.7 14.3
90825.0 90821.9 14.6 -4.9 106.8 -0.6 9160.8 -4.7 14.3
90817.0 90821.4 14.6 -5.6 106.8 -0.1 9160.8 -4.7 14.3
90821.0 90821.3 14.6 -5.7 106.8 0.3 9160.8 -4.7 14.3
90808.0 90820.2 14.6 -7.5 106.8 -0.2 9160.8 -4.6 14.3
90827.0 90820.6 14.6 -6.5 106.8 1.0 9160.8 -4.6 14.3
90841.0 90822.0 14.6 -3.6 106.8 -1.0 9160.8 -4.8 14.2
90855.0 90824.3 14.6 1.0 106.8 1.9 9160.8 -5.1 14.2
90833.0 90825.0 14.6 2.3 106.8 1.0 9160.8 -5.2 14.2
90832.0 90825.5 14.6 3.3 106.8 0.2 9160.8 -5.3 14.2
90848.0 90827.2 14.6 6.5 106.8 1.1 9160.8 -5.5 14.2
90823.0 90827.0 14.6 5.9 106.8 0.3 9160.8 -5.5 14.2
90834.0 90827.6 14.6 6.9 106.8 0.3 9160.8 -5.5 14.2
90845.0 90829.0 14.6 9.3 106.8 2.3 9160.8 -5.7 14.1
90819.0 90828.5 14.6 7.9 106.8 -1.7 9160.8 -5.6 14.1
90840.0 90829.5 14.6 9.5 106.8 -0.1 9160.8 -5.7 14.1
90797.0 90827.3 14.6 4.9 106.8 -1.1 9160.8 -5.4 14.1
90818.0 90826.7 14.6 3.5 106.8 0.3 9160.8 -5.3 14.1
90820.0 90826.3 14.6 2.6 106.8 0.0 9160.8 -5.2 14.1
90836.0 90827.0 14.6 3.9 106.8 0.8 9160.8 -5.3 14.1
90824.0 90826.9 14.6 3.5 106.8 0.5 9160.8 -5.3 14.0
90852.0 90828.8 14.6 7.1 106.8 1.3 9160.8 -5.5 14.0
90817.0 90828.0 14.6 5.4 106.8 1.0 9160.8 -5.4 14.0
90836.0 90828.7 14.6 6.5 106.7 1.3 9160.8 -5.5 14.0
90829.0 90828.9 14.6 6.6 106.7 4.1 9160.8 -5.5 14.0
90792.0 90826.3 14.6 1.4 106.7 1.6 9160.8 -5.2 14.0
90807.0 90824.9 14.6 -1.3 106.7 1.6 9160.8 -5.0 14.0
90828.0 90825.1 14.6 -0.8 106.7 0.8 9160.8 -5.0 13.9
90838.0 90826.0 14.6 1.0 106.7 -0.3 9160.8 -5.1 13.9
90826.0 90826.1 14.6 1.0 106.7 -1.0 9160.8 -5.1 13.9
90823.0 90825.9 14.6 0.6 106.7 -0.4 9160.8 -5.1 13.9
90829.0 90826.1 14.6 1.0 106.7 -1.3 9160.8 -5.1 13.9
90831.0 90826.5 14.6 1.7 106.7 -0.2 9160.8 -5.2 13.9
90814.0 90825.6 14.6 -0.1 106.7 -0.1 9160.8 -5.1 13.9
90817.0 90825.0 14.6 -1.3 106.7 -1.3 9160.8 -5.0 13.8
90803.0 90823.3 14.6 -4.4 106.7 -0.8 9160.8 -4.8 13.8
90827.0 90823.5 14.6 -3.9 106.7 0.4 9160.8 -4.8 13.8
90812.0 90822.6 14.6 -5.5 106.7 -0.5 9160.8 -4.7 13.8
90818.0 90822.2 14.6 -6.2 106.7 -0.5 9160.8 -4.7 13.8
90806.0 90820.9 14.6 -8.4 106.7 -0.4 9160.8 -4.5 13.8
90806.0 90819.6 14.6 -10.5 106.7 -2.6 9160.8 -4.4 13.8
90814.0 90819.0 14.6 -11.3 106.7 1.0 9160.8 -4.3 13.7
90825.0 90819.2 14.6 -10.5 106.7 -2.1 9160.8 -4.4 13.7
90840.0 90820.6 14.6 -7.5 106.7 -0.2 9160.8 -4.6 13.7
90823.0 90820.6 14.6 -7.2 106.7 0.0 9160.8 -4.6 13.7
90815.0 90820.1 14.6 -7.9 106.7 0.9 9160.8 -4.5 13.7
90812.0 90819.3 14.6 -9.0 106.7 -0.8 9160.8 -4.5 13.7
90823.0 90819.4 14.6 -8.5 106.7 0.6 9160.8 -4.5 13.7
90843.0 90821.0 14.6 -5.2 106.7 -1.0 9160.8 -4.7 13.7
90834.0 90821.9 14.6 -3.3 106.7 -1.1 9160.8 -4.8 13.6
90823.0 90821.9 14.6 -3.2 106.7 -0.4 9160.8 -4.9 13.6
90816.0 90821.4 14.6 -4.0 106.6 -0.9 9160.8 -4.8 13.6
90836.0 90822.4 14.6 -2.0 106.6 -1.3 9160.8 -4.9 13.6
90818.0 90822.0 14.6 -2.6 106.6 -1.9 9160.8 -4.9 13.6
90837.0 90823.1 14.6 -0.5 106.6 0.9 9160.8 -5.0 13.6
90814.0 90822.4 14.6 -1.8 106.6 0.3 9160.8 -5.0 13.6
90800.0 90820.7 14.6 -4.9 106.6 -0.5 9160.8 -4.8 13.5
90827.0 90821.1 14.6 -4.0 106.6 -1.0 9160.8 -4.8 13.5
90828.0 90821.5 14.6 -3.1 106.6 -1.3 9160.8 -4.9 13.5
90853.0 90823.8 14.6 1.4 106.6 -0.3 9160.8 -5.2 13.5
90812.0 90822.9 14.6 -0.3 106.6 0.7 9160.8 -5.1 13.5
90827.0 90823.2 14.6 0.3 106.6 -0.5 9160.8 -5.1 13.5
90819.0 90822.9 14.6 -0.3 106.6 2.3 9160.8 -5.1 13.5
90803.0 90821.5 14.6 -3.1 106.6 -1.3 9160.8 -4.9 13.5
90827.0 90821.8 14.6 -2.3 106.6 -0.0 9160.8 -4.9 13.4
90822.0 90821.8 14.6 -2.3 106.6 1.4 9160.8 -4.9 13.4
90826.0 90822.0 14.6 -1.7 106.6 0.5 9160.8 -5.0 13.4
90831.0 90822.7 14.6 -0.4 106.6 0.3 9160.8 -5.0 13.4
90809.0 90821.6 14.6 -2.3 106.6 0.1 9160.8 -4.9 13.4
90829.0 90822.1 14.6 -1.2 106.6 -0.0 9160.8 -5.0 13.4
90835.0 90823.1 14.6 0.6 106.6 0.5 9160.8 -5.1 13.4
90805.0 90821.7 14.6 -2.0 106.6 -1.4 9160.8 -4.9 13.4
90830.0 90822.3 14.6 -0.8 106.6 -1.4 9160.8 -5.0 13.3
90832.0 90823.0 14.6 0.5 106.6 0.5 9160.8 -5.1 13.3
90827.0 90823.3 14.6 1.1 106.6 1.8 9160.8 -5.1 13.3
90808.0 90822.2 14.6 -1.0 106.6 -1.5 9160.8 -5.0 13.3
90829.0 90822.7 14.6 -0.1 106.6 -1.1 9160.8 -5.1 13.3
90840.0 90824.0 14.6 2.3 106.6 0.7 9160.8 -5.2 13.3
90823.0 90823.9 14.6 2.2 106.6 0.7 9160.8 -5.2 13.3
90822.0 90823.8 14.6 1.9 106.6 0.6 9160.8 -5.2 13.3
90785.0 90821.0 14.6 -3.6 106.6 1.3 9160.8 -4.8 13.2
90845.0 90822.7 14.6 -0.1 106.5 1.3 9160.8 -5.1 13.2
90821.0 90822.6 14.6 -0.4 106.5 2.4 9160.8 -5.0 13.2
90834.0 90823.4 14.6 1.3 106.5 2.1 9160.8 -5.1 13.2
90830.0 90823.9 14.6 2.3 106.5 1.3 9160.8 -5.2 13.2
90816.0 90823.4 14.6 1.2 106.5 2.5 9160.8 -5.1 13.2
90802.0 90821.9 14.6 -1.8 106.5 1.9 9160.8 -4.9 13.2
90795.0 90819.9 14.6 -5.5 106.5 2.2 9160.8 -4.7 13.2
90806.0 90818.8 14.6 -7.4 106.5 -0.7 9160.8 -4.6 13.1
90820.0 90818.7 14.6 -7.2 106.5 0.3 9160.8 -4.6 13.1
90815.0 90818.3 14.6 -7.7 106.5 -0.4 9160.8 -4.6 13.1
90803.0 90817.0 14.6 -9.9 106.5 -0.1 9160.8 -4.4 13.1
90799.0 90815.5 14.6 -12.4 106.5 -0.2 9160.8 -4.3 13.1
90815.0 90815.3 14.6 -12.4 106.5 -0.9 9160.8 -4.3 13.1
90837.0 90816.6 14.6 -9.4 106.5 0.6 9160.8 -4.5 13.1
90840.0 90818.1 14.6 -6.0 106.5 -0.4 9160.8 -4.7 13.1
90803.0 90816.9 14.6 -8.2 106.5 1.1 9160.8 -4.5 13.1
90832.0 90817.9 14.6 -6.0 106.5 -0.8 9160.8 -4.7 13.0
90816.0 90817.6 14.6 -6.3 106.5 -0.0 9160.8 -4.7 13.0
90826.0 90818.1 14.6 -5.1 106.5 -0.2 9160.8 -4.7 13.0
90823.0 90818.4 14.6 -4.4 106.5 -0.1 9160.8 -4.8 13.0
90808.0 90817.6 14.6 -5.8 106.5 -0.9 9160.8 -4.7 13.0
90805.0 90816.5 14.6 -7.6 106.5 -0.8 9160.8 -4.6 13.0
90820.0 90816.6 14.6 -7.1 106.5 0.2 9160.8 -4.6 13.0
90797.0 90815.1 14.6 -9.8 106.5 0.8 9160.8 -4.4 13.0
90816.0 90815.0 14.6 -9.7 106.5 -0.3 9160.8 -4.4 12.9
90836.0 90816.3 14.6 -6.7 106.5 0.3 9160.8 -4.6 12.9
90831.0 90817.3 14.6 -4.6 106.5 -1.2 9160.8 -4.8 12.9
90832.0 90818.2 14.6 -2.5 106.5 0.6 9160.8 -4.9 12.9
90822.0 90818.5 14.6 -2.0 106.5 -6.5 9160.8 -4.9 12.9
90818.0 90818.4 14.6 -2.2 106.5 3.1 9160.8 -4.9 12.9
90805.0 90817.4 14.6 -4.0 106.5 4.1 9160.8 -4.8 12.9
90833.0 90818.5 14.6 -1.7 106.5 -0.7 9160.8 -4.9 12.9
90823.0 90818.8 14.6 -1.1 106.4 -1.2 9160.8 -5.0 12.9
90816.0 90818.5 14.6 -1.5 106.4 -3.9 9160.8 -5.0 12.8
90822.0 90818.8 14.6 -1.1 106.4 4.7 9160.8 -5.0 12.8
90812.0 90818.2 14.6 -1.9 106.4 4.2 9160.8 -4.9 12.8
90816.0 90818.0 14.6 -2.2 106.4 -1.5 9160.8 -4.9 12.8
90837.0 90819.4 14.6 0.5 106.4 -0.0 9160.8 -5.1 12.8
90825.0 90819.8 14.6 1.3 106.4 -4.4 9160.8 -5.1 12.8
90774.0 90816.5 14.6 -5.2 106.4 6.6 9160.8 -4.7 12.8
90821.0 90816.7 14.6 -4.5 106.4 5.8 9160.8 -4.8 12.8
90813.0 90816.4 14.6 -4.9 106.4 0.1 9160.8 -4.7 12.8
90808.0 90815.7 14.6 -6.0 106.4 -9.4 9160.8 -4.7 12.7
90801.0 90814.5 14.6 -8.2 106.4 2.5 9160.8 -4.5 12.7
90821.0 90814.8 14.6 -7.3 106.4 3.6 9160.8 -4.6 12.7
90809.0 90814.2 14.6 -8.0 106.4 3.1 9160.8 -4.5 12.7
90805.0 90813.4 14.6 -9.2 106.4 1.2 9160.8 -4.5 12.7
90818.0 90813.6 14.6 -8.5 106.4 1.1 9160.8 -4.5 12.7
90843.0 90815.6 14.6 -4.3 106.4 -1.1 9160.8 -4.8 12.7
