90741.0 90741.0 176.5 -0.0 1520.1 -0.5 10.2 -0.0 1500.0
90742.0 90741.5 93.9 0.1 1518.8 -3.5 22.6 -0.0 1500.0
90741.0 90741.3 64.4 -0.1 1513.9 -5.8 43.9 0.0 1500.0
90746.0 90742.5 49.6 0.9 1503.0 -3.8 25.0 -0.1 1499.9
90734.0 90740.8 41.2 -1.8 1484.4 -4.5 28.5 0.1 1499.8
90743.0 90741.1 36.0 -1.0 1456.5 8.0 72.6 0.0 1499.6
90736.0 90740.3 32.9 -3.1 1418.5 19.2 385.2 0.3 1499.2
90727.0 90738.2 31.0 -9.2 1370.4 5.5 48.5 1.0 1498.5
90751.0 90739.9 29.9 -2.1 1312.7 -3.9 32.7 0.1 1497.5
90754.0 90742.0 29.4 5.9 1247.0 -41.9 1888.0 -1.0 1496.1
90777.0 90747.2 29.2 25.8 1175.9 -89.3 8643.2 -4.2 1494.2
90734.0 90745.7 29.2 15.9 1103.6 63.8 5060.2 -2.8 1491.7
90741.0 90745.3 29.3 14.0 1028.7 -11.9 140.0 -2.2 1488.7
90748.0 90745.9 29.4 15.3 952.3 -23.4 570.5 -2.5 1485.0
90732.0 90744.1 29.5 6.1 878.4 -10.2 78.5 -0.6 1480.7
90749.0 90745.0 29.5 8.8 808.1 3.2 16.2 -1.2 1475.7
90773.0 90749.2 29.4 25.1 742.5 -11.8 269.5 -5.6 1470.1
90751.0 90749.9 29.2 25.6 682.4 -5.1 38.3 -5.8 1463.9
90740.0 90748.9 29.0 19.8 627.7 2.0 24.3 -4.0 1457.0
90747.0 90749.0 28.7 18.6 578.6 -10.0 101.2 -3.6 1449.5
90750.0 90749.5 28.3 18.8 534.8 -0.2 10.1 -3.7 1441.4
90762.0 90751.5 28.0 24.6 496.1 2.5 10.0 -6.1 1432.6
90737.0 90750.0 27.5 17.7 462.1 -7.7 31.7 -3.0 1423.0
90744.0 90749.5 27.1 14.8 432.4 -2.1 10.5 -1.7 1412.8
90743.0 90748.9 26.7 11.8 406.6 -8.1 53.6 -0.2 1401.8
90746.0 90748.7 26.3 10.4 384.2 -6.7 45.8 0.5 1390.0
90757.0 90749.9 25.8 13.5 365.0 0.1 13.4 -1.4 1377.5
90735.0 90748.3 25.4 7.6 348.5 -9.2 40.7 2.3 1364.0
90759.0 90749.8 25.0 11.4 334.4 -8.1 124.8 -0.4 1349.7
90734.0 90748.0 24.6 5.4 322.5 -9.5 38.5 3.8 1334.4
90749.0 90748.2 24.2 5.6 312.4 -9.6 106.1 3.5 1318.2
90742.0 90747.6 23.9 3.2 304.0 -11.6 106.7 5.3 1301.0
90751.0 90748.0 23.6 4.1 297.0 -7.9 87.7 4.3 1282.8
90741.0 90747.3 23.3 1.6 291.1 -14.3 160.1 6.4 1263.5
90750.0 90747.6 23.0 2.2 286.4 -11.9 172.0 5.6 1243.3
90743.0 90747.1 22.8 0.5 282.5 -10.5 91.8 7.0 1221.9
90742.0 90746.6 22.5 -1.4 279.2 -16.1 219.1 8.6 1199.6
90730.0 90744.7 22.3 -6.8 276.6 -19.7 215.6 14.0 1176.3
90751.0 90745.3 22.1 -5.2 274.5 -18.8 444.3 11.9 1151.9
90736.0 90744.2 22.0 -8.4 272.8 -19.0 264.1 14.9 1126.7
90722.0 90741.6 21.8 -15.5 271.3 -27.4 403.1 22.4 1100.5
90755.0 90742.8 21.7 -11.9 270.0 -22.9 771.8 17.7 1073.5
90745.0 90742.8 21.6 -11.6 269.0 -22.8 566.0 16.8 1045.8
90756.0 90744.0 21.5 -8.0 267.9 -16.1 442.5 12.0 1017.4
90718.0 90741.1 21.4 -16.1 266.7 -26.7 311.8 21.3 988.4
90769.0 90743.8 21.4 -8.1 265.4 -15.5 667.6 11.0 958.9
90748.0 90744.1 21.3 -7.1 264.1 -14.7 274.0 9.4 928.9
90739.0 90743.4 21.2 -8.9 262.4 -16.3 220.6 11.2 898.7
90758.0 90744.8 21.2 -4.8 260.6 -10.3 258.8 5.8 868.4
90760.0 90746.3 21.2 -0.5 258.5 -6.1 147.4 0.1 837.9
90716.0 90743.1 21.1 -9.6 256.2 -16.0 33.4 11.3 807.5
90762.0 90744.9 21.1 -4.2 253.7 -7.2 212.0 4.3 777.2
90740.0 90744.3 21.1 -5.8 250.9 -11.2 98.0 6.0 747.2
90752.0 90745.0 21.0 -3.7 247.9 -7.0 106.2 3.2 717.5
90739.0 90744.3 21.0 -5.6 244.7 -11.4 94.6 5.3 688.2
90761.0 90746.0 21.0 -0.9 241.3 -3.9 107.6 -0.7 659.4
90749.0 90746.3 21.0 -0.1 237.7 -2.6 23.6 -1.8 631.2
90767.0 90748.4 20.9 5.8 233.9 5.7 12.6 -9.0 603.6
90759.0 90749.6 20.9 8.9 229.9 6.7 19.5 -12.7 576.8
90734.0 90748.2 20.8 4.5 225.7 4.5 107.3 -7.3 550.7
90751.0 90748.6 20.8 5.4 221.5 4.9 26.1 -8.2 525.4
90772.0 90751.1 20.7 12.0 217.2 11.0 20.9 -15.9 500.9
90743.0 90750.5 20.6 9.9 212.7 9.9 168.5 -13.2 477.3
90746.0 90750.2 20.6 8.9 208.3 7.8 95.4 -11.7 454.5
90750.0 90750.3 20.5 8.9 203.8 7.4 65.7 -11.6 432.6
90744.0 90749.8 20.4 7.3 199.2 5.4 64.2 -9.6 411.6
90753.0 90750.3 20.3 8.2 194.6 5.2 28.2 -10.5 391.4
90746.0 90750.0 20.2 7.2 190.0 7.3 84.1 -9.2 372.1
90744.0 90749.5 20.1 5.7 185.4 4.1 44.2 -7.4 353.7
90745.0 90749.2 20.0 4.6 180.9 4.6 44.9 -6.1 336.1
90742.0 90748.5 19.9 2.9 176.4 1.3 20.7 -4.1 319.3
90749.0 90748.6 19.8 3.0 171.9 -2.3 15.8 -4.2 303.3
90746.0 90748.4 19.7 2.3 167.5 -0.3 10.1 -3.5 288.1
90736.0 90747.2 19.6 -0.7 163.1 -5.1 13.8 -0.3 273.6
90752.0 90747.7 19.5 0.3 158.8 -2.7 25.4 -1.5 259.9
90750.0 90747.9 19.4 0.8 154.6 -1.7 15.2 -2.1 246.8
90750.0 90748.1 19.2 1.2 150.5 -1.3 13.0 -2.6 234.4
90784.0 90751.6 19.1 9.3 146.4 6.4 13.3 -10.8 222.6
90771.0 90753.6 19.0 13.8 142.4 11.1 55.8 -15.2 211.5
90727.0 90751.3 18.9 8.1 138.6 5.0 127.7 -9.3 200.9
90746.0 90751.0 18.7 7.0 134.9 4.4 41.6 -8.1 190.9
90765.0 90752.4 18.6 10.0 131.2 6.9 26.0 -11.0 181.4
90767.0 90753.9 18.5 13.2 127.6 10.2 63.6 -13.9 172.5
90743.0 90753.2 18.3 11.1 124.1 6.9 92.6 -11.7 164.0
90758.0 90753.8 18.2 12.1 120.8 8.4 65.9 -12.6 155.9
90729.0 90751.8 18.1 7.3 117.5 3.3 73.9 -7.9 148.3
90749.0 90751.7 17.9 6.8 114.3 1.8 15.6 -7.4 141.1
90752.0 90751.8 17.8 6.9 111.2 4.2 27.5 -7.4 134.2
90748.0 90751.6 17.6 6.2 108.1 3.1 24.0 -6.7 127.8
90768.0 90753.2 17.5 9.3 105.2 4.8 14.3 -9.4 121.6
90738.0 90752.0 17.4 6.6 102.3 2.3 33.5 -6.9 115.8
90748.0 90751.8 17.2 5.9 99.6 1.3 14.0 -6.3 110.3
90740.0 90750.9 17.1 3.8 96.9 1.4 20.3 -4.4 105.1
90731.0 90749.3 17.0 0.4 94.3 -2.5 10.2 -1.4 100.2
90744.0 90748.8 16.8 -0.5 91.8 -3.2 15.7 -0.7 95.6
90751.0 90749.0 16.7 -0.2 89.3 -4.4 32.4 -1.0 91.1
90766.0 90750.4 16.6 2.5 86.9 -0.9 20.9 -3.3 86.9
90766.0 90751.7 16.5 5.0 84.7 0.3 13.1 -5.4 83.0
90767.0 90753.1 16.3 7.4 82.4 3.5 12.3 -7.4 79.2
90758.0 90753.6 16.2 8.2 80.3 3.3 17.4 -8.0 75.6
90758.0 90754.1 16.1 8.9 78.2 5.4 33.8 -8.6 72.2
90772.0 90755.7 15.9 11.7 76.2 6.3 27.5 -10.7 69.0
90796.0 90759.1 15.8 17.8 74.2 9.2 29.4 -15.5 66.0
90758.0 90759.4 15.7 17.7 72.3 8.8 89.8 -15.3 63.1
90734.0 90757.7 15.6 14.2 70.5 5.0 71.5 -12.4 60.3
90756.0 90757.8 15.5 14.0 68.8 4.4 31.4 -12.2 57.7
90744.0 90757.0 15.3 12.2 67.0 11.6 182.0 -10.7 55.2
90769.0 90758.2 15.2 14.0 65.4 0.7 10.2 -11.9 52.9
90757.0 90758.3 15.1 13.8 63.8 14.8 234.3 -11.8 50.6
90748.0 90757.8 15.0 12.7 62.3 0.1 11.4 -10.7 48.5
90778.0 90759.6 14.9 15.3 60.8 12.9 131.2 -12.6 46.5
90752.0 90759.3 14.8 14.6 59.4 4.0 32.3 -11.9 44.6
90779.0 90761.0 14.6 17.1 57.9 10.8 90.7 -13.7 42.7
90764.0 90761.5 14.5 17.7 56.6 7.9 69.2 -13.9 41.0
90733.0 90759.8 14.4 14.3 55.2 4.8 63.7 -11.4 39.3
90753.0 90759.6 14.3 13.5 53.9 7.3 73.3 -10.8 37.7
90753.0 90759.4 14.2 12.8 52.7 5.9 52.2 -10.2 36.2
90760.0 90759.6 14.1 13.0 51.5 6.1 47.3 -10.2 34.8
90737.0 90758.3 14.0 10.5 50.3 2.5 28.9 -8.4 33.4
90753.0 90758.1 13.9 9.9 49.1 5.1 40.8 -8.0 32.1
90760.0 90758.4 13.8 10.2 48.0 3.3 20.2 -8.1 30.8
90742.0 90757.5 13.7 8.4 46.9 3.3 30.6 -6.9 29.6
90751.0 90757.2 13.6 7.8 45.8 1.7 14.9 -6.4 28.5
90762.0 90757.7 13.5 8.3 44.8 3.3 18.6 -6.7 27.4
90750.0 90757.3 13.4 7.5 43.8 2.1 17.2 -6.2 26.4
90767.0 90758.1 13.3 8.6 42.8 0.9 10.1 -6.8 25.4
90780.0 90759.7 13.2 10.8 41.9 4.2 17.7 -8.2 24.4
90756.0 90759.7 13.1 10.5 41.0 2.9 20.1 -8.0 23.5
90740.0 90758.6 13.0 8.6 40.1 4.4 41.7 -6.7 22.7
90769.0 90759.4 13.0 9.7 39.2 2.5 13.4 -7.4 21.8
90763.0 90759.8 12.9 10.1 38.3 3.3 19.7 -7.6 21.0
90753.0 90759.6 12.8 9.4 37.5 2.4 18.0 -7.1 20.3
90759.0 90759.7 12.7 9.4 36.7 1.8 13.2 -7.1 19.6
90754.0 90759.5 12.6 8.9 35.9 2.0 15.5 -6.8 18.9
90764.0 90760.0 12.5 9.3 35.2 2.1 13.4 -7.0 18.2
90755.0 90759.9 12.4 8.9 34.4 1.2 12.1 -6.7 17.6
90736.0 90758.6 12.4 6.8 33.7 1.0 15.2 -5.4 17.0
90757.0 90758.6 12.3 6.7 33.0 1.3 12.0 -5.3 16.4
90754.0 90758.4 12.2 6.3 32.3 0.8 11.1 -5.1 15.8
90744.0 90757.7 12.1 5.1 31.7 1.3 14.2 -4.4 15.3
90758.0 90757.8 12.0 5.1 31.0 0.6 10.3 -4.4 14.8
90735.0 90756.5 12.0 3.2 30.4 -2.2 11.1 -3.3 14.3
90762.0 90756.9 11.9 3.6 29.8 -2.1 15.5 -3.5 13.8
90740.0 90756.0 11.8 2.2 29.2 -2.2 12.1 -2.7 13.3
90771.0 90756.9 11.7 3.4 28.6 -1.4 14.3 -3.4 12.9
90764.0 90757.4 11.7 3.9 28.1 -1.9 14.8 -3.7 12.5
90769.0 90758.1 11.6 4.8 27.5 0.5 10.0 -4.2 12.1
90742.0 90757.3 11.5 3.5 27.0 -2.3 12.6 -3.5 11.7
90733.0 90756.0 11.4 1.6 26.5 -3.1 14.1 -2.5 11.3
90766.0 90756.6 11.4 2.3 26.0 -2.0 15.6 -2.9 11.0
90761.0 90756.9 11.3 2.6 25.5 0.5 10.1 -3.1 10.6
90751.0 90756.6 11.2 2.2 25.0 -2.2 14.1 -2.9 10.3
90747.0 90756.1 11.2 1.4 24.5 -2.1 13.1 -2.5 10.0
90775.0 90757.2 11.1 2.7 24.0 -1.8 16.6 -3.2 9.7
90762.0 90757.5 11.0 3.0 23.6 -2.2 15.6 -3.4 9.4
90722.0 90755.6 11.0 0.5 23.2 -4.1 18.1 -2.1 9.1
90769.0 90756.3 10.9 1.4 22.7 -2.4 18.4 -2.6 8.8
90756.0 90756.3 10.8 1.3 22.3 -3.6 23.0 -2.6 8.5
90767.0 90756.9 10.8 1.9 21.9 -1.6 14.0 -2.9 8.3
90761.0 90757.2 10.7 2.2 21.5 -2.6 17.3 -3.1 8.0
90739.0 90756.3 10.6 0.9 21.2 -1.5 10.9 -2.5 7.8
90756.0 90756.3 10.6 0.9 20.8 -3.1 19.5 -2.4 7.6
90750.0 90756.0 10.5 0.4 20.4 -3.2 19.0 -2.2 7.4
90756.0 90756.0 10.5 0.3 20.1 -1.9 13.6 -2.2 7.1
90761.0 90756.2 10.4 0.6 19.7 -2.6 17.8 -2.4 6.9
90756.0 90756.2 10.3 0.6 19.4 -1.9 13.4 -2.4 6.7
90749.0 90755.9 10.3 0.1 19.0 -3.1 18.4 -2.2 6.6
90756.0 90755.9 10.2 0.0 18.7 -3.5 22.3 -2.2 6.4
90751.0 90755.6 10.2 -0.3 18.4 -2.6 16.0 -2.0 6.2
90758.0 90755.7 10.1 -0.2 18.1 -1.2 11.7 -2.1 6.0
90755.0 90755.7 10.0 -0.3 17.8 -2.6 16.4 -2.1 5.9
90740.0 90754.9 10.0 -1.3 17.5 -4.5 26.9 -1.7 5.7
90746.0 90754.4 9.9 -1.9 17.2 -4.0 24.0 -1.4 5.5
90785.0 90755.9 9.9 -0.2 16.9 -1.7 16.5 -2.2 5.4
90750.0 90755.6 9.8 -0.6 16.7 -2.2 14.3 -2.1 5.3
90746.0 90755.1 9.8 -1.2 16.4 -1.7 12.0 -1.8 5.1
90732.0 90754.0 9.7 -2.4 16.1 -4.7 26.6 -1.2 5.0
90755.0 90754.0 9.7 -2.5 15.9 -4.6 31.5 -1.3 4.8
90738.0 90753.2 9.6 -3.4 15.6 -3.4 18.9 -0.9 4.7
90745.0 90752.7 9.6 -3.9 15.4 -4.8 30.7 -0.7 4.6
90771.0 90753.5 9.5 -3.1 15.2 -2.8 20.3 -1.1 4.5
90759.0 90753.7 9.5 -2.8 14.9 -4.0 27.3 -1.2 4.4
90773.0 90754.6 9.4 -1.9 14.7 -3.2 23.2 -1.7 4.3
90768.0 90755.2 9.4 -1.3 14.5 -2.7 19.3 -2.0 4.1
90761.0 90755.4 9.3 -1.1 14.3 -4.6 32.2 -2.1 4.0
90751.0 90755.2 9.3 -1.4 14.0 -4.9 33.2 -2.0 3.9
90761.0 90755.4 9.2 -1.2 13.8 -1.5 12.6 -2.2 3.8
90760.0 90755.6 9.2 -1.0 13.6 -1.9 14.1 -2.3 3.8
90775.0 90756.5 9.1 -0.1 13.4 -3.9 28.5 -2.7 3.7
90749.0 90756.1 9.1 -0.5 13.2 -2.0 13.4 -2.5 3.6
90733.0 90755.1 9.1 -1.7 13.0 -2.0 12.2 -2.0 3.5
90754.0 90755.0 9.0 -1.8 12.8 -2.0 13.7 -2.0 3.4
90744.0 90754.5 9.0 -2.3 12.7 -4.0 24.3 -1.8 3.3
90746.0 90754.1 8.9 -2.8 12.5 -5.1 34.5 -1.6 3.2
90749.0 90753.8 8.9 -3.1 12.3 -2.9 18.0 -1.5 3.2
90754.0 90753.7 8.8 -3.1 12.1 -2.7 17.5 -1.5 3.1
90727.0 90752.5 8.8 -4.4 12.0 -4.7 27.6 -1.0 3.0
90775.0 90753.4 8.7 -3.5 11.8 -4.9 38.4 -1.5 3.0
90768.0 90754.0 8.7 -2.9 11.6 -3.5 24.4 -1.7 2.9
90761.0 90754.2 8.7 -2.7 11.5 -2.7 18.2 -1.8 2.8
90773.0 90755.0 8.6 -2.0 11.3 -1.2 12.3 -2.2 2.8
90742.0 90754.4 8.6 -2.5 11.2 -2.5 15.1 -2.0 2.7
90747.0 90754.0 8.5 -2.9 11.0 -3.7 22.5 -1.8 2.6
90737.0 90753.2 8.5 -3.7 10.9 -2.9 16.6 -1.5 2.6
90772.0 90754.0 8.5 -2.9 10.7 -1.0 11.7 -1.9 2.5
90757.0 90754.0 8.4 -2.8 10.6 -2.3 15.5 -1.9 2.5
90737.0 90753.3 8.4 -3.6 10.4 -3.8 22.2 -1.6 2.4
90728.0 90752.1 8.4 -4.7 10.3 -5.7 37.8 -1.2 2.4
90766.0 90752.6 8.3 -4.2 10.2 -2.5 17.6 -1.5 2.3
90747.0 90752.3 8.3 -4.5 10.0 -4.4 28.7 -1.4 2.3
90759.0 90752.5 8.2 -4.3 9.9 -3.6 24.0 -1.5 2.2
90745.0 90752.1 8.2 -4.7 9.8 -3.6 22.4 -1.4 2.2
90755.0 90752.2 8.2 -4.6 9.7 -3.6 23.5 -1.4 2.1
90729.0 90751.1 8.1 -5.6 9.5 -5.1 32.6 -1.1 2.1
90762.0 90751.5 8.1 -5.3 9.4 -4.3 30.3 -1.2 2.0
90765.0 90751.9 8.1 -4.8 9.3 -2.3 16.2 -1.4 2.0
90733.0 90751.1 8.0 -5.6 9.2 -2.9 16.8 -1.2 2.0
90764.0 90751.5 8.0 -5.2 9.1 -3.9 26.6 -1.3 1.9
90727.0 90750.4 8.0 -6.1 9.0 -3.3 19.0 -1.0 1.9
90721.0 90749.1 7.9 -7.2 8.8 -2.5 14.6 -0.6 1.8
90742.0 90748.7 7.9 -7.5 8.7 -2.5 15.7 -0.5 1.8
90758.0 90748.9 7.9 -7.3 8.6 -4.3 29.6 -0.6 1.8
90731.0 90748.1 7.8 -8.0 8.5 -2.6 15.6 -0.4 1.7
90766.0 90748.6 7.8 -7.4 8.4 -6.3 53.0 -0.6 1.7
90771.0 90749.3 7.8 -6.7 8.3 -2.0 15.4 -0.9 1.7
90751.0 90749.3 7.7 -6.7 8.2 -5.3 38.7 -0.9 1.6
90748.0 90749.1 7.7 -6.9 8.1 -2.2 14.9 -0.9 1.6
90737.0 90748.5 7.7 -7.3 8.0 -3.4 20.4 -0.8 1.6
90737.0 90747.9 7.6 -7.8 8.0 -3.2 19.3 -0.6 1.5
90736.0 90747.3 7.6 -8.2 7.9 -5.2 35.8 -0.5 1.5
90743.0 90747.0 7.6 -8.5 7.8 -4.0 25.9 -0.5 1.5
90737.0 90746.5 7.5 -8.9 7.7 -4.5 29.2 -0.3 1.5
90737.0 90745.9 7.5 -9.2 7.6 -3.9 24.5 -0.2 1.4
90767.0 90746.5 7.5 -8.6 7.5 -4.6 33.1 -0.5 1.4
90777.0 90747.5 7.5 -7.8 7.4 -3.2 22.5 -0.8 1.4
90767.0 90748.1 7.4 -7.2 7.4 -4.4 31.5 -1.0 1.4
90749.0 90748.0 7.4 -7.2 7.3 -4.0 25.9 -1.0 1.3
90746.0 90747.8 7.4 -7.4 7.2 -3.6 23.1 -1.0 1.3
90756.0 90747.9 7.3 -7.2 7.1 -3.2 20.9 -1.1 1.3
90756.0 90748.1 7.3 -7.0 7.1 -2.5 16.7 -1.2 1.3
90742.0 90747.7 7.3 -7.2 7.0 -3.3 20.5 -1.1 1.2
90760.0 90748.0 7.3 -6.9 6.9 -2.0 14.4 -1.3 1.2
90737.0 90747.5 7.2 -7.3 6.8 -1.2 11.2 -1.2 1.2
90722.0 90746.4 7.2 -8.1 6.7 -2.1 13.3 -0.9 1.2
90751.0 90746.4 7.2 -8.0 6.7 -4.3 28.8 -1.0 1.2
90732.0 90745.8 7.2 -8.5 6.6 -3.7 22.5 -0.8 1.1
90746.0 90745.6 7.1 -8.5 6.5 -5.7 42.3 -0.8 1.1
90756.0 90745.8 7.1 -8.4 6.5 -5.0 35.8 -0.9 1.1
90745.0 90745.6 7.1 -8.5 6.4 -3.5 22.0 -0.9 1.1
90739.0 90745.2 7.1 -8.7 6.3 -4.5 30.1 -0.9 1.1
90755.0 90745.4 7.0 -8.5 6.3 -2.9 19.2 -0.9 1.1
90745.0 90745.2 7.0 -8.6 6.2 -4.8 32.7 -0.9 1.0
90753.0 90745.3 7.0 -8.5 6.2 -4.9 34.9 -1.0 1.0
90754.0 90745.5 7.0 -8.3 6.1 -2.6 17.2 -1.1 1.0
90760.0 90745.8 6.9 -8.0 6.0 -3.5 23.5 -1.2 1.0
90775.0 90746.7 6.9 -7.2 6.0 -2.5 17.8 -1.5 1.0
90748.0 90746.6 6.9 -7.2 5.9 -2.7 17.4 -1.5 1.0
90754.0 90746.7 6.9 -7.1 5.9 -2.8 18.4 -1.6 1.0
90749.0 90746.6 6.8 -7.1 5.8 -3.2 20.5 -1.6 0.9
90738.0 90746.2 6.8 -7.4 5.8 -2.8 17.2 -1.5 0.9
90759.0 90746.5 6.8 -7.1 5.7 -4.0 26.7 -1.6 0.9
90767.0 90747.0 6.8 -6.6 5.6 -1.2 11.8 -1.8 0.9
90757.0 90747.2 6.7 -6.4 5.6 -3.5 22.6 -1.9 0.9
90739.0 90746.9 6.7 -6.7 5.5 -2.1 14.2 -1.8 0.9
90754.0 90747.0 6.7 -6.5 5.5 -2.6 17.2 -1.9 0.9
90746.0 90746.8 6.7 -6.6 5.4 -2.0 13.9 -1.9 0.9
90775.0 90747.6 6.7 -5.9 5.4 -3.0 20.4 -2.1 0.8
90733.0 90747.0 6.6 -6.3 5.3 -5.3 36.9 -2.0 0.8
90740.0 90746.7 6.6 -6.6 5.3 -2.4 15.3 -1.9 0.8
90777.0 90747.5 6.6 -5.9 5.2 -1.7 13.7 -2.1 0.8
90755.0 90747.7 6.6 -5.8 5.2 -2.0 14.4 -2.2 0.8
90761.0 90748.0 6.5 -5.5 5.1 -1.7 13.3 -2.3 0.8
90742.0 90747.7 6.5 -5.6 5.1 0.3 10.1 -2.3 0.8
90753.0 90747.8 6.5 -5.5 5.0 1.1 11.0 -2.3 0.8
90740.0 90747.4 6.5 -5.7 5.0 -15.9 260.7 -2.2 0.8
90773.0 90748.1 6.5 -5.4 5.0 -2.0 14.6 -2.4 0.8
90750.0 90748.1 6.4 -5.4 5.0 -4.2 27.7 -2.4 0.7
90713.0 90746.8 6.4 -6.3 4.9 5.6 44.0 -2.2 0.7
90747.0 90746.7 6.4 -6.2 4.9 -9.1 93.1 -2.2 0.7
90747.0 90746.6 6.4 -6.3 4.9 -4.3 28.1 -2.2 0.7
90761.0 90746.9 6.4 -6.1 4.9 -13.9 205.8 -2.3 0.7
90785.0 90748.0 6.3 -5.5 4.9 5.0 32.2 -2.6 0.7
90758.0 90748.2 6.3 -5.1 4.9 -1.2 11.7 -2.6 0.7
90753.0 90748.3 6.3 -5.0 4.8 15.7 256.6 -2.7 0.7
90775.0 90749.0 6.3 -4.1 4.9 -2.1 15.2 -2.8 0.7
90769.0 90749.6 6.3 -3.7 4.8 12.7 169.0 -3.0 0.7
90758.0 90749.8 6.2 -3.3 4.9 102.0 11405.0 -3.0 0.7
90746.0 90749.6 6.2 -1.2 9.0 172.8 28950.6 -3.0 0.7
90741.0 90749.3 6.2 2.0 20.2 151.2 18664.0 -2.9 0.6
90756.0 90749.6 6.2 5.4 30.0 195.2 32540.8 -3.0 0.6
90739.0 90749.4 6.2 9.5 46.1 294.4 78837.9 -2.9 0.6
90747.0 90749.6 6.3 16.3 86.0 377.0 102010.3 -2.9 0.6
90743.0 90749.8 6.4 24.4 150.3 431.5 112173.8 -2.9 0.6
90755.0 90750.6 6.6 34.7 240.0 506.5 141697.8 -2.9 0.6
90768.0 90752.0 6.9 47.5 353.2 556.8 148050.5 -3.0 0.6
90756.0 90753.1 7.5 58.9 470.2 554.6 135982.3 -3.0 0.6
90774.0 90755.3 8.4 74.2 590.8 582.2 141798.1 -3.1 0.6
90762.0 90757.1 9.6 86.5 700.9 561.8 130299.1 -3.1 0.6
90733.0 90757.5 11.1 90.2 811.9 569.9 145108.5 -3.0 0.6
90764.0 90759.8 12.9 104.5 929.1 616.9 163506.3 -3.0 0.6
90748.0 90760.9 14.9 110.4 1033.3 604.8 154586.5 -3.0 0.6
90744.0 90761.5 17.1 110.0 1089.6 509.7 113265.0 -2.9 0.6
90755.0 90762.8 19.4 110.8 1087.8 339.0 57122.5 -2.9 0.6
90770.0 90765.6 21.6 117.9 1047.4 175.0 19897.3 -2.9 0.6
90783.0 90769.7 23.5 131.3 974.3 229.3 43003.7 -2.9 0.6
90798.0 90775.6 25.2 152.3 901.3 229.7 38372.6 -3.0 0.6
90816.0 90783.7 26.5 180.7 829.7 248.3 44370.9 -3.0 0.6
90792.0 90788.0 27.4 188.7 764.5 270.2 51303.4 -3.0 0.6
90799.0 90792.8 28.0 199.1 710.6 330.2 75765.3 -3.0 0.6
90800.0 90797.3 28.3 207.8 675.1 355.2 78042.7 -3.0 0.6
90806.0 90802.1 28.4 216.0 644.3 254.9 39667.1 -3.0 0.6
90810.0 90807.0 28.3 220.3 602.1 -17.7 346.6 -3.0 0.6
90818.0 90812.3 28.1 223.4 540.9 -84.7 7530.3 -3.0 0.6
90830.0 90818.6 27.8 228.3 488.1 13.2 189.1 -3.0 0.6
90808.0 90821.1 27.5 221.5 438.2 -21.5 476.3 -3.0 0.6
90826.0 90825.6 27.0 221.3 393.8 -5.0 35.2 -3.0 0.6
90816.0 90828.1 26.6 215.4 354.0 -38.4 1501.0 -3.0 0.6
90857.0 90835.6 26.1 224.2 319.3 -164.9 35191.6 -3.0 0.6
90815.0 90836.9 25.5 211.2 300.0 -245.5 53568.1 -3.0 0.6
90846.0 90841.7 25.0 209.5 293.0 -84.3 5852.6 -3.0 0.6
90831.0 90844.0 24.4 202.8 271.6 -82.5 6387.9 -3.1 0.5
90825.0 90845.3 23.9 193.8 251.3 -91.1 7820.4 -3.1 0.5
90856.0 90850.0 23.4 194.0 233.7 -108.3 10931.7 -3.1 0.5
90874.0 90856.2 22.9 197.7 219.3 -120.5 13152.8 -3.0 0.5
90882.0 90862.5 22.4 201.2 207.8 -185.7 32070.6 -3.0 0.5
90860.0 90865.8 22.0 195.2 206.1 -278.6 68995.3 -3.0 0.5
90851.0 90867.6 21.6 184.2 224.3 -338.6 80242.5 -3.1 0.5
90877.0 90871.9 21.2 180.7 247.5 -207.2 28249.6 -3.0 0.5
90857.0 90873.6 20.8 174.0 253.7 83.3 11371.9 -3.1 0.5
90857.0 90875.0 20.5 171.0 247.3 186.1 37783.9 -3.1 0.5
90866.0 90877.2 20.3 171.4 248.5 147.2 17516.0 -3.1 0.5
90873.0 90879.9 20.0 171.7 244.9 -60.1 4509.6 -3.1 0.5
90889.0 90883.9 19.9 171.8 234.3 -178.3 38648.4 -3.1 0.5
90872.0 90885.8 19.7 163.9 236.4 -284.3 76975.6 -3.1 0.5
90898.0 90889.9 19.5 159.9 259.4 -325.9 73994.0 -3.1 0.5
90887.0 90892.5 19.4 154.6 280.4 -119.8 10626.4 -3.1 0.5
90868.0 90892.9 19.4 145.8 275.8 -28.3 771.6 -3.2 0.5
90899.0 90896.1 19.3 146.0 262.8 -173.5 55026.6 -3.2 0.5
90897.0 90898.8 19.3 141.1 268.9 -300.3 99674.1 -3.2 0.5
90886.0 90900.0 19.3 130.6 302.4 -351.2 85688.7 -3.2 0.5
90902.0 90902.6 19.3 124.7 334.4 -265.2 43622.2 -3.2 0.5
90878.0 90902.4 19.3 112.4 351.6 -254.8 43196.0 -3.2 0.5
90894.0 90903.5 19.4 104.4 362.5 -259.9 46360.1 -3.2 0.5
90886.0 90903.7 19.6 93.9 371.3 -231.4 36650.2 -3.2 0.5
90886.0 90903.6 19.7 83.8 374.8 -219.7 34580.1 -3.2 0.5
90899.0 90904.6 19.9 78.2 373.9 -129.9 13065.8 -3.2 0.5
90908.0 90906.3 20.1 76.1 362.1 -151.6 20102.8 -3.2 0.5
90893.0 90906.3 20.3 68.5 351.0 -185.0 29006.4 -3.2 0.5
90877.0 90904.5 20.4 55.7 343.4 -141.9 16097.7 -3.3 0.5
90926.0 90907.7 20.6 59.1 331.5 -137.2 16067.3 -3.3 0.5
90922.0 90910.2 20.7 60.3 318.8 -148.6 19029.5 -3.2 0.5
90900.0 90910.2 20.8 53.7 307.7 -200.7 34912.4 -3.3 0.5
90909.0 90911.0 20.8 48.5 304.5 -281.8 65999.5 -3.3 0.5
90921.0 90912.8 20.8 44.8 319.3 -354.0 89163.6 -3.2 0.5
90942.0 90916.6 20.8 46.0 350.1 -364.6 81229.7 -3.2 0.5
90938.0 90919.6 20.9 45.7 379.2 -308.6 56292.5 -3.2 0.5
90890.0 90917.3 20.9 32.6 391.6 -116.8 9995.7 -3.2 0.5
90924.0 90918.6 21.0 32.1 378.5 -140.4 17646.5 -3.2 0.5
90898.0 90917.0 21.0 23.0 364.7 -45.8 1934.8 -3.2 0.5
90896.0 90915.2 21.1 15.4 344.1 -166.1 34184.0 -3.2 0.5
90902.0 90914.0 21.2 7.5 334.6 -235.2 48049.1 -3.2 0.5
90904.0 90913.0 21.2 -0.4 335.6 -242.6 42799.7 -3.2 0.5
90926.0 90914.4 21.2 -2.0 342.0 -336.3 91794.9 -3.2 0.5
90919.0 90914.8 21.2 -4.3 354.9 -115.8 10166.0 -3.2 0.5
90919.0 90915.1 21.2 -5.3 342.5 -127.5 14516.3 -3.2 0.5
90908.0 90914.3 21.2 -10.2 328.6 -198.1 36395.6 -3.2 0.5
90902.0 90912.7 21.2 -18.3 324.0 -271.2 60281.9 -3.2 0.5
90937.0 90914.9 21.2 -16.8 334.3 -327.5 76133.6 -3.2 0.5
90936.0 90916.8 21.2 -17.2 358.1 -355.9 79982.1 -3.3 0.5
90921.0 90917.0 21.2 -17.5 372.1 20.0 445.5 -3.3 0.5
90918.0 90916.8 21.2 -16.7 351.6 -63.6 4360.3 -3.3 0.5
90883.0 90912.9 21.2 -28.2 332.5 -118.2 13900.7 -3.2 0.5
90894.0 90910.4 21.2 -36.3 317.6 -196.6 37040.8 -3.2 0.5
90919.0 90910.6 21.2 -38.0 313.6 -289.5 73250.7 -3.2 0.5
90918.0 90910.6 21.1 -42.5 334.9 -394.8 125172.0 -3.2 0.5
90904.0 90909.1 21.1 -52.5 383.7 -420.4 104316.5 -3.2 0.5
90926.0 90909.9 21.1 -51.6 412.9 -217.7 29297.0 -3.2 0.5
90904.0 90908.4 21.2 -55.6 414.7 -5.0 34.3 -3.2 0.5
90909.0 90907.5 21.2 -55.2 392.2 -113.5 14968.8 -3.2 0.5
90883.0 90903.8 21.3 -65.0 374.8 -154.1 21677.1 -3.2 0.5
90896.0 90901.8 21.4 -69.5 361.0 3.0 19.0 -3.2 0.5
90910.0 90901.5 21.4 -66.4 338.5 71.0 5305.0 -3.2 0.5
90887.0 90898.7 21.5 -69.2 318.6 38.9 1470.0 -3.2 0.5
90917.0 90899.5 21.4 -62.3 297.9 124.3 16626.0 -3.2 0.5
90902.0 90898.7 21.4 -58.4 283.8 221.0 49122.7 -3.2 0.5
90905.0 90898.3 21.3 -51.4 284.3 273.6 57642.8 -3.2 0.5
90914.0 90899.1 21.2 -41.0 295.1 282.7 53964.4 -3.3 0.5
90902.0 90898.7 21.1 -35.3 305.0 178.2 22102.9 -3.3 0.5
90896.0 90897.8 21.0 -33.7 301.1 -68.7 6449.3 -3.3 0.5
90891.0 90896.5 21.0 -37.0 286.8 -151.9 24029.0 -3.2 0.5
90884.0 90894.5 20.9 -42.6 278.1 7.3 63.8 -3.2 0.5
90886.0 90892.9 20.8 -44.6 261.1 112.9 14676.8 -3.2 0.5
90895.0 90892.3 20.6 -41.9 249.7 -20.7 457.4 -3.2 0.5
90908.0 90893.1 20.5 -37.9 234.2 -156.0 33277.3 -3.2 0.5
90870.0 90890.1 20.4 -47.4 231.2 -273.4 80803.4 -3.2 0.5
90886.0 90888.7 20.2 -54.9 257.4 -383.2 120921.3 -3.2 0.5
90871.0 90885.9 20.1 -68.1 318.3 -460.2 130324.4 -3.2 0.5
90911.0 90887.1 20.0 -68.0 371.9 -350.1 67683.4 -3.2 0.5
90904.0 90887.6 20.0 -68.7 404.7 -271.2 44211.3 -3.3 0.5
90895.0 90887.0 20.1 -72.5 426.7 -358.7 96120.7 -3.3 0.5
90890.0 90885.9 20.2 -79.9 476.4 -461.2 150134.8 -3.3 0.5
90888.0 90884.6 20.5 -89.9 574.1 -558.2 183732.6 -3.3 0.5
90864.0 90880.7 20.8 -108.4 689.5 -595.5 164245.7 -3.3 0.5
90884.0 90879.2 21.2 -112.1 733.5 -378.8 68662.9 -3.3 0.5
90876.0 90876.9 21.7 -114.8 739.6 -109.4 8569.6 -3.3 0.5
90878.0 90874.9 22.3 -115.8 707.7 -194.8 37700.3 -3.3 0.5
90893.0 90874.9 22.9 -111.3 680.9 -299.8 84894.0 -3.3 0.5
90874.0 90872.8 23.5 -117.3 675.4 -356.8 87680.9 -3.3 0.5
90855.0 90868.5 24.0 -130.4 672.8 -280.3 47731.6 -3.3 0.5
90870.0 90866.4 24.4 -135.1 665.2 -374.8 107871.5 -3.3 0.5
90866.0 90863.9 24.8 -142.2 678.4 -415.5 104227.7 -3.3 0.5
90848.0 90859.4 25.1 -149.9 666.9 -44.2 1681.1 -3.3 0.5
90851.0 90855.8 25.4 -153.4 617.5 -162.1 32043.6 -3.3 0.5
90859.0 90853.5 25.5 -154.2 579.7 -271.3 74318.7 -3.3 0.5
90842.0 90849.3 25.6 -162.3 558.3 -162.8 19662.5 -3.3 0.5
90855.0 90847.1 25.6 -160.9 527.7 -33.8 105991.5 -3.3 0.5
90818.0 90840.6 25.6 -171.4 543.6 88.5 189335.9 -3.2 0.5
90805.0 90833.2 25.5 -179.6 643.1 275.9 228506.4 -3.2 0.5
90814.0 90827.6 25.4 -183.2 640.0 195.6 32103.5 -3.2 0.5
90834.0 90825.2 25.4 -178.3 632.7 -101.1 50449.1 -3.2 0.5
90816.0 90820.8 25.4 -184.1 619.6 -218.5 51220.5 -3.2 0.5
90827.0 90818.4 25.4 -181.8 600.1 -5.2 36.5 -3.2 0.5
90817.0 90815.0 25.4 -181.0 555.6 146.9 65582.3 -3.2 0.5
90845.0 90815.7 25.4 -162.3 534.9 290.6 106466.0 -3.2 0.5
90784.0 90808.9 25.3 -167.6 547.6 370.3 103684.8 -3.2 0.5
90795.0 90804.3 25.2 -165.1 566.5 346.6 72432.5 -3.2 0.5
90797.0 90800.5 25.1 -162.1 568.5 206.7 27394.9 -3.2 0.5
90791.0 90796.5 25.1 -161.8 548.0 46.4 1913.4 -3.2 0.5
90807.0 90795.0 25.0 -155.1 509.2 84.0 7012.8 -3.2 0.5
90788.0 90791.4 24.9 -154.9 473.3 188.5 39292.4 -3.2 0.5
90774.0 90786.6 24.8 -156.3 452.2 297.6 86331.1 -3.2 0.5
90777.0 90782.7 24.6 -151.7 462.0 397.3 119537.0 -3.2 0.5
90782.0 90780.1 24.5 -142.3 498.6 432.4 109292.0 -3.2 0.5
90777.0 90777.2 24.4 -135.6 526.9 336.4 61814.3 -3.2 0.5
90783.0 90775.5 24.3 -130.7 527.6 -6.2 50.3 -3.2 0.5
90786.0 90774.5 24.2 -125.6 492.7 -44.5 2023.2 -3.2 0.5
90774.0 90772.2 24.1 -125.7 459.1 27.7 805.4 -3.2 0.5
90779.0 90770.8 24.0 -121.6 426.3 101.6 10914.3 -3.2 0.5
90762.0 90767.6 23.9 -121.7 398.7 210.9 49499.3 -3.2 0.5
90781.0 90767.1 23.8 -111.4 386.7 251.0 49061.3 -3.2 0.5
90778.0 90766.5 23.6 -102.7 380.8 146.9 16076.4 -3.2 0.5
90787.0 90767.1 23.5 -92.5 363.3 -31.7 1117.1 -3.3 0.5
90764.0 90765.1 23.3 -93.6 337.5 -79.9 6495.2 -3.3 0.5
90760.0 90762.8 23.1 -96.1 315.1 69.8 5832.8 -3.3 0.5
90754.0 90760.1 22.8 -96.7 294.2 200.6 59433.7 -3.2 0.5
90756.0 90758.0 22.6 -92.7 293.4 293.8 75142.1 -3.2 0.5
90759.0 90756.5 22.4 -86.2 308.0 272.1 49683.8 -3.2 0.5
90756.0 90754.9 22.1 -82.2 315.2 103.9 8346.8 -3.2 0.5
90728.0 90750.5 21.9 -87.8 301.6 22.6 501.2 -3.2 0.5
90764.0 90750.4 21.7 -82.9 282.8 8.2 76.2 -3.2 0.6
90750.0 90748.9 21.5 -82.4 264.5 -12.9 178.1 -3.2 0.6
90753.0 90747.9 21.3 -81.1 247.2 78.7 6811.2 -3.2 0.6
90763.0 90748.0 21.1 -74.8 233.3 185.0 38327.1 -3.3 0.6
90742.0 90746.1 20.9 -72.0 231.9 245.7 50093.8 -3.3 0.6
90732.0 90743.4 20.7 -71.2 238.7 152.2 17374.3 -3.2 0.6
90754.0 90743.2 20.5 -65.4 235.2 80.4 5616.7 -3.3 0.6
90758.0 90743.6 20.3 -59.7 224.2 60.2 3440.2 -3.3 0.6
90760.0 90744.1 20.1 -54.2 212.3 47.5 2196.7 -3.3 0.6
90726.0 90741.4 19.9 -57.4 200.4 86.7 7477.3 -3.3 0.6
90746.0 90740.8 19.7 -54.2 191.0 125.1 14847.5 -3.3 0.6
90758.0 90741.5 19.5 -47.4 185.4 156.4 21725.5 -3.3 0.6
90771.0 90743.5 19.3 -37.2 184.0 216.5 40414.7 -3.3 0.6
90766.0 90745.1 19.1 -27.3 192.2 282.4 62040.0 -3.3 0.6
90748.0 90744.9 19.0 -20.6 213.5 317.8 68215.2 -3.3 0.6
90766.0 90746.6 18.8 -9.3 243.4 337.6 70725.1 -3.3 0.6
90765.0 90748.2 18.7 1.8 277.6 351.4 73409.5 -3.3 0.6
90742.0 90747.7 18.7 7.8 316.5 380.3 85317.6 -3.3 0.6
90756.0 90748.7 18.7 17.9 363.1 411.6 95137.9 -3.3 0.6
90754.0 90749.6 18.8 27.9 418.7 445.1 106271.4 -3.3 0.6
90755.0 90750.7 19.0 38.4 480.3 457.4 106275.2 -3.3 0.6
90764.0 90752.8 19.3 51.0 540.0 449.2 98961.6 -3.3 0.6
90744.0 90752.9 19.7 56.1 589.9 411.0 85182.0 -3.3 0.6
90757.0 90754.4 20.2 64.8 627.2 382.9 76750.8 -3.3 0.6
90771.0 90757.3 20.7 78.3 655.9 392.2 83037.8 -3.3 0.6
90768.0 90759.9 21.3 89.1 676.0 351.7 67313.4 -3.3 0.6
90753.0 90760.8 22.0 91.1 680.0 256.9 39708.8 -3.3 0.6
90773.0 90763.8 22.6 100.0 665.0 183.9 23663.3 -3.3 0.6
90777.0 90767.1 23.2 108.2 635.2 113.0 10389.0 -3.3 0.6
90762.0 90768.5 23.7 107.1 595.5 49.9 2321.8 -3.3 0.6
90775.0 90771.1 24.1 110.1 551.2 123.6 15904.1 -3.3 0.6
90795.0 90776.0 24.4 122.2 512.9 185.8 31750.5 -3.3 0.6
90792.0 90780.1 24.6 131.8 483.3 181.6 26109.9 -3.3 0.6
90794.0 90784.2 24.7 139.7 455.4 89.3 6704.7 -3.3 0.6
90769.0 90784.8 24.7 133.9 420.8 6.6 52.6 -3.3 0.6
90788.0 90787.5 24.6 134.3 384.9 -75.1 6075.4 -3.3 0.6
90788.0 90789.9 24.4 131.8 354.0 -137.2 18669.6 -3.3 0.6
90783.0 90791.4 24.2 125.5 330.5 -153.4 20347.0 -3.3 0.6
90792.0 90793.6 24.0 121.9 311.4 -138.9 16183.0 -3.3 0.6
90775.0 90793.6 23.7 111.9 293.3 -150.9 19535.6 -3.3 0.6
90816.0 90798.1 23.4 115.4 278.3 -188.3 30236.9 -3.3 0.6
90814.0 90802.0 23.0 116.3 269.1 -113.1 10456.5 -3.3 0.6
90800.0 90803.8 22.7 112.8 254.4 -80.5 5862.6 -3.3 0.6
90812.0 90806.7 22.3 112.9 238.0 -132.3 16975.2 -3.3 0.6
90805.0 90808.5 22.0 108.9 227.2 -195.9 34896.1 -3.3 0.6
90828.0 90812.5 21.7 109.2 226.5 -283.4 68985.9 -3.3 0.6
90810.0 90814.1 21.3 101.5 246.3 -360.9 93092.1 -3.3 0.6
90817.0 90816.2 21.0 94.2 284.5 -382.1 87463.2 -3.3 0.6
90828.0 90819.0 20.8 90.0 322.6 -332.0 63030.2 -3.3 0.6
90833.0 90822.1 20.6 88.9 344.1 -166.4 18692.2 -3.3 0.6
90807.0 90822.1 20.5 81.3 342.2 -104.6 9116.3 -3.3 0.6
90827.0 90824.0 20.4 80.2 330.3 -76.3 5331.5 -3.3 0.6
90840.0 90827.1 20.4 82.7 315.5 -94.8 8554.7 -3.3 0.6
90841.0 90830.0 20.4 84.2 301.8 -110.1 11227.7 -3.3 0.6
90836.0 90832.1 20.4 83.2 289.4 -105.4 10029.3 -3.3 0.6
90808.0 90831.1 20.3 74.1 276.9 -59.8 3316.9 -3.3 0.6
90815.0 90830.8 20.3 68.1 262.0 36.7 1441.8 -3.3 0.6
90836.0 90832.6 20.3 69.9 246.5 13.9 200.9 -3.3 0.6
90822.0 90832.8 20.2 67.0 231.2 -72.0 5620.8 -3.3 0.6
90825.0 90833.2 20.1 63.2 218.5 -127.0 15890.0 -3.3 0.6
90857.0 90836.7 20.0 66.3 210.6 -129.9 14832.3 -3.3 0.6
90818.0 90836.0 19.9 59.1 203.8 -42.3 1663.0 -3.3 0.6
90825.0 90836.0 19.7 55.3 191.8 -3.1 19.7 -3.3 0.6
90845.0 90837.9 19.6 57.1 179.6 -10.6 122.7 -3.3 0.6
90838.0 90838.9 19.4 56.7 168.2 -45.4 2092.7 -3.3 0.6
90867.0 90842.6 19.2 61.7 158.2 -114.9 13697.4 -3.3 0.6
90838.0 90843.3 19.0 58.0 153.2 -167.6 25906.8 -3.3 0.6
90848.0 90844.7 18.8 55.6 154.1 -131.9 14375.1 -3.3 0.6
90838.0 90845.1 18.6 51.3 152.4 -135.3 15893.9 -3.3 0.6
90830.0 90844.6 18.4 45.5 150.9 -124.9 13481.1 -3.3 0.6
90856.0 90846.5 18.2 45.0 148.8 -108.7 10415.1 -3.3 0.6
90871.0 90849.5 18.0 47.3 145.7 -160.0 23811.8 -3.3 0.6
90847.0 90850.1 17.8 43.4 147.6 -173.5 24987.3 -3.3 0.6
90836.0 90849.6 17.7 37.3 151.8 -144.2 16847.9 -3.3 0.6
90840.0 90849.4 17.5 32.7 153.0 -105.2 9508.9 -3.3 0.6
90855.0 90850.5 17.4 31.7 150.4 -16.4 270.4 -3.3 0.6
90837.0 90849.9 17.2 28.8 143.4 0.5 10.2 -3.3 0.6
90874.0 90852.5 17.1 33.0 136.5 -8.3 78.5 -3.3 0.6
90876.0 90855.1 17.0 36.8 129.8 -60.0 3711.5 -3.3 0.6
90830.0 90853.6 16.9 31.1 124.8 -112.6 12633.9 -3.3 0.6
90850.0 90853.9 16.7 28.1 123.4 -141.9 18246.8 -3.3 0.6
90891.0 90857.4 16.6 31.4 125.1 -148.6 18912.8 -3.3 0.6
90867.0 90858.8 16.5 30.0 127.8 -117.8 11809.5 -3.3 0.6
90827.0 90856.7 16.4 22.2 127.9 -151.0 20464.9 -3.3 0.6
90843.0 90856.0 16.3 16.9 130.9 -159.4 21372.8 -3.3 0.6
90865.0 90857.0 16.2 15.4 135.0 -103.6 9092.7 -3.3 0.6
90826.0 90854.8 16.1 8.2 134.0 -118.3 12756.6 -3.3 0.6
90825.0 90852.5 16.0 0.9 134.0 -173.1 27468.7 -3.3 0.6
90846.0 90852.0 16.0 -3.8 139.7 -196.5 31383.1 -3.3 0.6
90854.0 90852.0 15.9 -7.0 148.6 -145.4 16635.8 -3.3 0.6
90830.0 90850.1 15.9 -13.4 151.9 -109.0 10165.8 -3.3 0.6
90868.0 90851.3 15.9 -12.5 151.0 -66.7 4086.8 -3.3 0.6
90847.0 90850.7 15.8 -14.4 146.9 -21.7 471.4 -3.3 0.6
90843.0 90849.8 15.8 -16.1 141.1 -81.5 6874.8 -3.3 0.6
90854.0 90849.8 15.8 -17.1 137.7 -139.2 18927.7 -3.3 0.6
90864.0 90850.6 15.8 -17.5 139.2 -169.2 24840.6 -3.3 0.6
90849.0 90850.1 15.8 -21.1 144.2 -161.8 21307.7 -3.3 0.6
90851.0 90849.8 15.8 -23.8 148.5 -93.9 7509.3 -3.3 0.6
90863.0 90850.4 15.8 -23.2 146.4 -11.1 130.3 -3.3 0.6
90870.0 90851.5 15.9 -20.1 140.3 -45.6 2108.3 -3.3 0.6
90857.0 90851.6 15.9 -20.0 135.0 -37.5 1387.4 -3.3 0.6
90844.0 90850.6 15.9 -21.9 129.5 -17.2 302.3 -3.3 0.6
90845.0 90849.7 15.9 -23.1 123.7 -25.6 662.6 -3.3 0.6
90817.0 90846.7 15.8 -28.9 118.1 -24.2 590.0 -3.3 0.6
90838.0 90845.5 15.8 -30.7 112.7 -0.9 10.7 -3.3 0.6
90856.0 90845.8 15.8 -29.0 107.2 24.6 618.6 -3.3 0.6
90849.0 90845.5 15.7 -27.9 102.1 -42.5 1894.7 -3.3 0.6
90833.0 90844.0 15.7 -30.6 97.7 -45.0 1994.9 -3.3 0.6
90814.0 90841.1 15.6 -35.9 93.6 -3.8 24.3 -3.3 0.6
90863.0 90842.1 15.5 -32.6 88.9 -11.5 141.4 -3.3 0.6
90839.0 90841.3 15.4 -33.2 84.4 -33.7 1152.4 -3.3 0.6
90866.0 90842.5 15.3 -30.3 80.5 -51.6 2648.3 -3.3 0.6
90853.0 90842.8 15.2 -29.8 77.5 -61.1 3655.3 -3.3 0.6
90843.0 90842.2 15.1 -30.9 75.0 -35.0 1203.0 -3.3 0.6
90847.0 90842.0 15.0 -30.9 71.8 -23.7 567.5 -3.3 0.6
90827.0 90840.3 14.9 -33.2 68.5 -14.8 228.3 -3.3 0.6
90824.0 90838.5 14.7 -35.5 65.2 -19.5 388.2 -3.3 0.6
90845.0 90838.3 14.6 -35.0 62.1 -31.2 982.0 -3.3 0.6
90853.0 90838.7 14.5 -33.8 59.4 -66.8 4486.5 -3.3 0.6
90815.0 90836.4 14.3 -37.8 58.3 -106.3 11011.5 -3.3 0.6
90850.0 90836.6 14.2 -38.2 59.8 -50.0 2337.0 -3.3 0.6
90821.0 90834.8 14.1 -40.8 58.3 9.3 98.3 -3.3 0.6
90836.0 90834.1 13.9 -40.4 55.8 23.9 580.3 -3.3 0.6
90822.0 90832.6 13.8 -41.1 53.6 -4.8 33.2 -3.3 0.6
90832.0 90831.8 13.6 -41.2 51.2 -49.5 2510.6 -3.3 0.6
90830.0 90830.9 13.5 -42.3 50.0 -82.8 6782.5 -3.3 0.6
90851.0 90831.4 13.4 -41.9 50.5 -95.7 8628.9 -3.3 0.6
90831.0 90830.6 13.3 -43.7 52.1 -101.1 9436.3 -3.3 0.6
90830.0 90829.7 13.1 -45.7 54.1 -82.1 6190.8 -3.3 0.6
90822.0 90828.3 13.0 -47.8 54.9 35.3 1345.1 -3.3 0.6
90848.0 90828.7 12.9 -45.2 53.6 132.3 19512.5 -3.3 0.6
90820.0 90827.3 12.8 -43.0 58.9 212.6 42553.0 -3.3 0.6
90805.0 90825.2 12.7 -40.6 74.8 236.2 42693.0 -3.3 0.6
90823.0 90824.3 12.6 -36.3 94.3 197.4 28294.3 -3.3 0.6
90835.0 90824.3 12.6 -31.8 108.0 97.6 7800.0 -3.3 0.6
90839.0 90824.6 12.6 -28.4 110.3 45.1 1919.6 -3.3 0.6
90785.0 90821.6 12.6 -31.8 108.7 17.6 317.6 -3.3 0.6
90808.0 90820.2 12.6 -32.9 106.1 -74.8 6146.5 -3.3 0.6
90850.0 90821.4 12.7 -30.7 105.6 86.2 9462.3 -3.3 0.6
90824.0 90821.0 12.8 -28.6 106.5 82.8 6428.7 -3.3 0.6
90832.0 90821.2 12.9 -25.5 106.3 95.5 8582.8 -3.3 0.6
90840.0 90822.0 12.9 -21.2 106.7 112.1 11624.7 -3.3 0.6
90823.0 90821.7 13.0 -18.8 108.3 90.7 7435.3 -3.3 0.6
90823.0 90821.4 13.1 -16.9 108.2 40.6 1573.0 -3.3 0.6
90812.0 90820.5 13.2 -17.3 105.4 5.8 43.9 -3.3 0.6
90816.0 90819.9 13.3 -17.7 101.8 -39.4 1598.3 -3.3 0.6
90846.0 90821.3 13.4 -15.0 98.8 -40.0 1586.4 -3.3 0.6
90822.0 90821.1 13.5 -15.7 95.7 4.0 26.4 -3.3 0.6
90824.0 90821.0 13.6 -15.2 92.0 64.0 4258.0 -3.3 0.6
90814.0 90820.2 13.7 -14.7 90.0 110.3 11990.1 -3.3 0.6
90814.0 90819.5 13.7 -13.4 91.0 46.0 1983.4 -3.3 0.6
90810.0 90818.6 13.8 -13.7 88.3 86.6 7486.0 -3.3 0.6
90825.0 90818.8 13.8 -11.2 87.6 12.0 150.5 -3.3 0.6
90817.0 90818.5 13.8 -11.2 84.1 -3.8 24.6 -3.3 0.6
90827.0 90818.9 13.8 -10.2 80.7 -16.8 294.2 -3.3 0.6
90851.0 90820.9 13.9 -6.4 77.4 -5.0 35.4 -3.3 0.6
90812.0 90820.2 13.9 -7.6 74.0 12.5 167.9 -3.3 0.6
90794.0 90818.2 13.8 -10.6 70.9 32.8 1092.1 -3.3 0.6
90811.0 90817.5 13.8 -10.7 68.1 54.1 2913.9 -3.3 0.6
90813.0 90817.0 13.8 -10.2 66.3 86.7 7407.7 -3.3 0.6
90820.0 90817.1 13.7 -8.1 66.2 87.3 7130.8 -3.3 0.6
90809.0 90816.4 13.7 -7.3 66.4 47.5 2143.8 -3.3 0.6
90816.0 90816.2 13.6 -6.4 64.6 12.7 169.8 -3.3 0.6
90821.0 90816.4 13.6 -5.6 62.0 -15.7 259.3 -3.3 0.6
90795.0 90814.9 13.5 -8.3 59.5 -37.8 1439.9 -3.3 0.6
90821.0 90815.1 13.4 -8.3 57.5 10.5 121.8 -3.3 0.6
90825.0 90815.6 13.4 -7.0 55.1 41.5 1748.1 -3.3 0.6
90814.0 90815.4 13.3 -6.4 53.5 -5.8 43.6 -3.3 0.6
90816.0 90815.3 13.2 -6.4 51.2 71.3 5437.8 -3.3 0.6
90809.0 90814.8 13.1 -5.7 51.1 19.8 393.1 -3.3 0.6
90826.0 90815.4 13.0 -4.2 49.2 -5.4 39.0 -3.3 0.6
90821.0 90815.7 12.9 -3.7 47.2 7.0 59.0 -3.3 0.6
90800.0 90814.6 12.8 -5.1 45.3 17.3 309.0 -3.3 0.6
90821.0 90815.0 12.8 -4.1 43.5 14.2 209.5 -3.3 0.6
90813.0 90814.8 12.7 -4.0 41.8 23.0 540.5 -3.3 0.6
90818.0 90814.9 12.6 -3.2 40.3 30.3 924.0 -3.3 0.6
90814.0 90814.8 12.5 -2.7 39.0 27.8 774.1 -3.3 0.6
90804.0 90814.1 12.4 -3.1 37.7 42.2 1777.8 -3.3 0.6
90817.0 90814.2 12.3 -2.0 36.9 35.9 1274.6 -3.3 0.6
90820.0 90814.5 12.2 -0.8 36.0 10.0 109.6 -3.3 0.6
90810.0 90814.2 12.1 -1.0 34.6 -1.4 12.0 -3.3 0.6
90826.0 90814.9 12.0 -0.0 33.3 -17.2 307.9 -3.3 0.6
90824.0 90815.5 11.9 0.3 32.1 -9.0 91.6 -3.3 0.6
90834.0 90816.5 11.8 1.6 30.9 16.1 271.9 -3.3 0.6
90821.0 90816.8 11.7 2.2 29.8 33.3 1122.4 -3.3 0.6
90824.0 90817.3 11.6 3.4 29.1 9.4 98.0 -3.3 0.6
90824.0 90817.8 11.5 4.1 28.1 9.8 106.3 -3.3 0.6
90807.0 90817.2 11.4 3.5 27.1 12.0 153.3 -3.3 0.6
90833.0 90818.2 11.3 4.8 26.1 -6.2 48.7 -3.3 0.6
90825.0 90818.6 11.2 5.2 25.2 -8.7 85.1 -3.3 0.6
90831.0 90819.4 11.1 5.8 24.3 -17.0 299.3 -3.3 0.6
90808.0 90818.9 11.0 4.7 23.5 -13.1 181.5 -3.3 0.6
90818.0 90818.9 10.9 4.4 22.8 5.7 42.1 -3.3 0.6
90833.0 90819.8 10.8 5.4 22.0 59.1 3611.5 -3.3 0.6
90818.0 90819.8 10.7 6.4 22.6 54.7 2903.3 -3.3 0.6
90828.0 90820.4 10.6 8.0 23.0 28.1 783.5 -3.3 0.6
90830.0 90821.0 10.5 9.1 22.6 -2.5 16.1 -3.3 0.6
90831.0 90821.7 10.4 9.7 21.9 -11.7 147.4 -3.3 0.6
90806.0 90821.1 10.3 8.5 21.3 -9.6 102.7 -3.3 0.6
90808.0 90820.6 10.2 7.6 20.7 -13.8 199.1 -3.3 0.6
90803.0 90819.8 10.1 6.3 20.1 0.2 10.0 -3.3 0.6
90817.0 90819.8 10.1 6.1 19.5 -28.0 801.6 -3.3 0.6
90822.0 90820.0 10.0 5.7 19.2 -10.4 118.6 -3.3 0.6
90806.0 90819.5 9.9 4.7 18.7 -15.6 253.3 -3.3 0.6
90832.0 90820.2 9.8 5.1 18.2 77.3 6565.9 -3.3 0.6
90806.0 90819.6 9.7 5.8 20.2 -3.0 18.8 -3.3 0.6
90806.0 90819.0 9.7 5.0 19.6 -4.0 26.0 -3.3 0.6
90817.0 90819.0 9.6 4.8 19.1 -0.6 10.3 -3.3 0.6
90836.0 90819.9 9.5 5.7 18.6 2.1 14.2 -3.3 0.6
90841.0 90821.0 9.5 6.7 18.1 -1.2 11.6 -3.3 0.6
90796.0 90820.0 9.4 5.5 17.7 0.6 10.4 -3.3 0.6
90836.0 90820.8 9.3 6.3 17.2 1.2 11.5 -3.3 0.6
90824.0 90821.1 9.3 6.4 16.7 3.0 18.8 -3.3 0.6
90810.0 90820.7 9.2 6.0 16.3 10.1 112.5 -3.3 0.6
90820.0 90820.8 9.2 6.1 15.9 -6.2 48.8 -3.3 0.6
90819.0 90820.8 9.1 5.9 15.5 -14.1 208.1 -3.3 0.6
90816.0 90820.7 9.0 5.4 15.2 6.4 50.5 -3.3 0.6
90835.0 90821.5 9.0 6.2 14.8 -3.9 25.2 -3.3 0.6
90816.0 90821.3 8.9 5.8 14.4 -3.5 22.1 -3.3 0.6
90805.0 90820.7 8.9 5.1 14.0 -7.0 58.8 -3.3 0.6
90820.0 90820.8 8.8 4.9 13.7 2.8 17.9 -3.3 0.6
90809.0 90820.4 8.8 4.4 13.4 -0.7 10.4 -3.3 0.6
90825.0 90820.6 8.7 4.6 13.0 -4.2 27.5 -3.3 0.6
90794.0 90819.6 8.7 3.4 12.7 -6.3 49.5 -3.3 0.6
90809.0 90819.2 8.6 2.9 12.4 -4.4 28.9 -3.2 0.6
90840.0 90820.1 8.6 3.6 12.1 6.1 47.0 -3.3 0.6
90799.0 90819.3 8.5 2.9 11.8 -0.4 10.1 -3.2 0.6
90789.0 90818.1 8.4 1.7 11.5 -10.2 113.4 -3.2 0.6
90824.0 90818.4 8.4 1.7 11.2 6.1 47.8 -3.2 0.6
90831.0 90818.9 8.3 2.3 11.0 -2.6 16.6 -3.2 0.6
90851.0 90820.3 8.3 3.5 10.7 -1.0 11.0 -3.3 0.6
90830.0 90820.8 8.2 3.8 10.4 0.8 10.5 -3.3 0.6
90832.0 90821.3 8.2 4.2 10.2 0.9 10.8 -3.3 0.6
90830.0 90821.7 8.1 4.6 9.9 -3.2 20.2 -3.3 0.6
90832.0 90822.2 8.1 4.9 9.7 0.3 10.0 -3.3 0.6
90821.0 90822.3 8.0 4.8 9.5 -1.8 13.3 -3.3 0.6
90813.0 90822.0 8.0 4.5 9.3 -1.6 12.4 -3.3 0.6
90803.0 90821.3 7.9 3.8 9.0 -2.3 15.4 -3.3 0.6
90836.0 90822.0 7.9 4.2 8.8 -3.0 19.0 -3.3 0.6
90845.0 90823.0 7.9 4.9 8.6 -2.3 15.5 -3.3 0.6
90826.0 90823.2 7.8 5.0 8.4 -3.4 21.4 -3.3 0.6
90808.0 90822.7 7.8 4.4 8.3 -3.3 20.8 -3.3 0.6
90829.0 90823.0 7.7 4.5 8.1 -3.1 19.7 -3.3 0.6
90851.0 90824.2 7.7 5.4 7.9 -4.0 26.3 -3.3 0.6
90828.0 90824.4 7.6 5.4 7.7 0.2 10.1 -3.3 0.6
90792.0 90823.3 7.6 4.4 7.6 -0.2 10.0 -3.3 0.6
90846.0 90824.2 7.5 5.1 7.4 -1.3 11.8 -3.3 0.7
90810.0 90823.8 7.5 4.6 7.2 -3.8 24.3 -3.3 0.7
90827.0 90824.0 7.4 4.6 7.1 -4.7 31.8 -3.3 0.7
90812.0 90823.7 7.4 4.2 7.0 -2.2 14.9 -3.3 0.7
90820.0 90823.6 7.3 4.0 6.8 -1.4 12.0 -3.3 0.7
90834.0 90824.1 7.3 4.3 6.7 -2.5 16.3 -3.3 0.7
90823.0 90824.1 7.3 4.2 6.6 -0.1 10.0 -3.3 0.7
90827.0 90824.3 7.2 4.3 6.4 -1.3 11.6 -3.3 0.7
90810.0 90823.9 7.2 3.9 6.3 -2.6 16.8 -3.3 0.7
90827.0 90824.1 7.1 3.9 6.2 -1.5 12.4 -3.3 0.7
90843.0 90824.8 7.1 4.4 6.1 -1.0 11.1 -3.3 0.7
90826.0 90824.9 7.0 4.4 6.0 -1.8 13.2 -3.3 0.7
90836.0 90825.4 7.0 4.6 5.9 -1.9 13.5 -3.3 0.7
90839.0 90826.0 7.0 5.0 5.7 0.5 10.2 -3.4 0.7
90825.0 90826.0 6.9 4.9 5.6 -1.7 12.8 -3.4 0.7
90831.0 90826.3 6.9 5.0 5.6 -1.2 11.5 -3.4 0.7
90836.0 90826.7 6.8 5.2 5.5 0.7 10.5 -3.4 0.7
90821.0 90826.6 6.8 5.1 5.4 -2.2 15.0 -3.4 0.7
90804.0 90826.0 6.8 4.5 5.3 -0.4 10.1 -3.3 0.7
90807.0 90825.4 6.7 4.1 5.2 -4.5 29.8 -3.3 0.7
90847.0 90826.2 6.7 4.5 5.1 0.2 10.0 -3.3 0.7
90814.0 90825.9 6.6 4.2 5.0 1.1 11.2 -3.3 0.7
90815.0 90825.6 6.6 4.0 5.0 -3.2 19.9 -3.3 0.7
90815.0 90825.3 6.6 3.6 4.9 -3.8 24.7 -3.3 0.7
90816.0 90825.1 6.5 3.4 4.8 -6.8 56.5 -3.3 0.7
90800.0 90824.4 6.5 2.7 4.8 0.8 10.7 -3.2 0.7
90821.0 90824.3 6.5 2.6 4.7 1.9 13.6 -3.2 0.7
90834.0 90824.7 6.4 2.8 4.6 -3.4 21.6 -3.2 0.7
90811.0 90824.3 6.4 2.5 4.6 -2.0 13.8 -3.2 0.7
90812.0 90823.9 6.4 2.2 4.5 -1.1 11.2 -3.2 0.7
90832.0 90824.2 6.3 2.3 4.5 -0.9 10.8 -3.2 0.7
90845.0 90824.9 6.3 2.7 4.4 -1.3 11.7 -3.2 0.7
90803.0 90824.3 6.3 2.3 4.4 -0.6 10.3 -3.2 0.7
90831.0 90824.6 6.2 2.4 4.3 -2.8 18.0 -3.2 0.7
90825.0 90824.6 6.2 2.3 4.3 0.6 10.4 -3.2 0.7
90820.0 90824.5 6.2 2.2 4.2 -1.2 11.5 -3.2 0.7
90807.0 90824.0 6.1 1.9 4.2 -2.0 13.7 -3.2 0.7
90807.0 90823.6 6.1 1.5 4.1 -1.5 12.0 -3.1 0.7
90821.0 90823.5 6.1 1.4 4.1 -0.2 10.1 -3.1 0.7
90830.0 90823.7 6.1 1.5 4.0 -2.6 16.6 -3.2 0.7
90839.0 90824.2 6.0 1.8 4.0 -2.3 15.4 -3.2 0.7
90793.0 90823.3 6.0 1.1 4.0 -0.7 10.4 -3.1 0.7
90822.0 90823.3 6.0 1.1 3.9 -1.0 11.0 -3.1 0.7
90822.0 90823.3 5.9 1.0 3.9 -1.5 12.3 -3.1 0.7
90820.0 90823.2 5.9 0.9 3.9 -2.3 15.2 -3.1 0.7
90805.0 90822.7 5.9 0.5 3.8 -1.5 12.3 -3.1 0.7
90808.0 90822.3 5.9 0.2 3.8 -2.8 17.6 -3.0 0.7
90824.0 90822.3 5.8 0.2 3.8 -1.3 11.6 -3.0 0.7
90819.0 90822.2 5.8 0.1 3.7 -0.6 10.4 -3.0 0.7
90833.0 90822.6 5.8 0.3 3.7 -1.7 12.9 -3.1 0.7
90810.0 90822.2 5.8 0.1 3.7 -3.8 24.6 -3.0 0.7
90821.0 90822.2 5.7 -0.0 3.7 -1.8 13.3 -3.0 0.7
90832.0 90822.5 5.7 0.1 3.6 -1.7 12.9 -3.0 0.7
90830.0 90822.7 5.7 0.2 3.6 -2.7 17.4 -3.1 0.7
90830.0 90822.9 5.7 0.3 3.6 -3.1 19.9 -3.1 0.7
90822.0 90822.9 5.7 0.2 3.6 -2.2 14.7 -3.1 0.7
90838.0 90823.3 5.6 0.4 3.6 -2.5 16.2 -3.1 0.7
90836.0 90823.7 5.6 0.6 3.6 -0.7 10.6 -3.1 0.7
90823.0 90823.7 5.6 0.6 3.5 -3.0 19.0 -3.1 0.7
90834.0 90824.0 5.6 0.7 3.5 -1.2 11.6 -3.2 0.7
90837.0 90824.3 5.6 0.9 3.5 -1.7 12.9 -3.2 0.7
90824.0 90824.4 5.5 0.8 3.5 -1.8 13.1 -3.2 0.7
90830.0 90824.5 5.5 0.9 3.5 -0.5 10.3 -3.2 0.7
90843.0 90825.0 5.5 1.2 3.5 -0.3 10.1 -3.3 0.7
90838.0 90825.4 5.5 1.4 3.4 -0.3 10.1 -3.3 0.7
90818.0 90825.2 5.5 1.3 3.4 -2.3 15.1 -3.3 0.7
90825.0 90825.3 5.4 1.2 3.4 -0.3 10.1 -3.3 0.7
90820.0 90825.1 5.4 1.1 3.4 -1.0 11.0 -3.3 0.7
90828.0 90825.2 5.4 1.2 3.4 -2.4 15.7 -3.3 0.7
90860.0 90826.2 5.4 1.7 3.4 -2.1 14.6 -3.4 0.7
90845.0 90826.8 5.4 2.0 3.4 -2.6 17.2 -3.4 0.7
90830.0 90826.9 5.4 2.0 3.4 -0.2 10.1 -3.4 0.7
90827.0 90826.9 5.4 2.0 3.4 -0.6 10.3 -3.4 0.7
90809.0 90826.5 5.3 1.7 3.4 -0.5 10.2 -3.4 0.7
90819.0 90826.3 5.3 1.5 3.4 -4.1 26.4 -3.4 0.7
90827.0 90826.4 5.3 1.5 3.3 -1.8 13.4 -3.4 0.7
90831.0 90826.5 5.3 1.5 3.3 -1.2 11.6 -3.4 0.7
90847.0 90827.1 5.3 1.8 3.3 -3.5 22.9 -3.4 0.7
90842.0 90827.5 5.3 2.0 3.3 -0.7 10.5 -3.5 0.7
90839.0 90827.9 5.3 2.1 3.3 0.1 10.0 -3.5 0.7
90819.0 90827.7 5.2 2.0 3.3 -2.0 13.9 -3.5 0.7
90826.0 90827.6 5.2 1.9 3.3 0.2 10.1 -3.5 0.7
90829.0 90827.7 5.2 2.0 3.3 -1.9 13.7 -3.5 0.8
90808.0 90827.2 5.2 1.6 3.3 -5.1 35.0 -3.4 0.8
90812.0 90826.9 5.2 1.3 3.3 -3.9 24.8 -3.4 0.7
90824.0 90826.8 5.2 1.1 3.3 -8.0 73.4 -3.4 0.7
90831.0 90827.0 5.2 1.0 3.4 -3.0 18.8 -3.4 0.7
90821.0 90826.8 5.2 0.9 3.4 -5.0 34.3 -3.4 0.7
90810.0 90826.4 5.2 0.5 3.4 -4.8 32.2 -3.3 0.7
90805.0 90825.9 5.2 0.1 3.4 -1.0 10.9 -3.2 0.7
90832.0 90826.0 5.1 0.2 3.4 6.9 57.6 -3.3 0.7
90833.0 90826.2 5.1 0.4 3.4 -2.4 16.0 -3.3 0.7
90840.0 90826.5 5.1 0.6 3.4 -3.0 19.5 -3.3 0.7
90823.0 90826.5 5.1 0.5 3.4 -2.3 15.2 -3.3 0.7
90818.0 90826.2 5.1 0.3 3.4 -2.3 14.9 -3.3 0.7
90809.0 90825.8 5.1 -0.0 3.4 -1.6 12.5 -3.2 0.7
90823.0 90825.8 5.1 -0.1 3.4 -2.6 16.6 -3.2 0.7
90812.0 90825.4 5.1 -0.4 3.4 0.3 10.1 -3.2 0.7
90808.0 90824.9 5.1 -0.6 3.4 -3.2 20.0 -3.1 0.7
90833.0 90825.1 5.1 -0.6 3.4 -1.0 11.0 -3.1 0.7
90838.0 90825.4 5.1 -0.4 3.4 -0.8 10.8 -3.2 0.7
90824.0 90825.4 5.1 -0.4 3.4 -2.0 14.1 -3.2 0.7
90813.0 90825.1 5.1 -0.7 3.4 -1.9 13.5 -3.1 0.7
90823.0 90825.0 5.1 -0.7 3.4 -1.5 12.1 -3.1 0.7
90813.0 90824.7 5.1 -1.0 3.4 -0.2 10.0 -3.1 0.7
90863.0 90825.6 5.1 -0.4 3.4 -0.7 10.7 -3.2 0.7
90819.0 90825.5 5.1 -0.5 3.4 -2.3 15.2 -3.2 0.7
90832.0 90825.6 5.1 -0.4 3.4 -2.2 14.9 -3.2 0.7
90832.0 90825.8 5.1 -0.4 3.4 -2.1 14.4 -3.2 0.7
90821.0 90825.7 5.0 -0.5 3.4 -1.9 13.4 -3.2 0.7
90803.0 90825.1 5.0 -0.9 3.4 0.5 10.4 -3.1 0.7
90809.0 90824.7 5.0 -1.1 3.4 -0.9 10.7 -3.1 0.7
90823.0 90824.6 5.0 -1.2 3.4 -0.8 10.7 -3.1 0.7
90812.0 90824.2 5.0 -1.4 3.4 -0.7 10.5 -3.0 0.7
90805.0 90823.7 5.0 -1.7 3.4 -1.6 12.4 -2.9 0.7
90829.0 90823.8 5.0 -1.7 3.4 -2.6 16.6 -3.0 0.7
90829.0 90823.9 5.0 -1.6 3.4 -2.5 16.4 -3.0 0.7
90838.0 90824.3 5.0 -1.5 3.4 -1.6 12.7 -3.0 0.7
90841.0 90824.6 5.0 -1.2 3.4 -1.9 13.7 -3.1 0.7
90813.0 90824.3 5.0 -1.4 3.4 -0.7 10.5 -3.1 0.7
90810.0 90823.9 5.0 -1.7 3.4 -1.1 11.0 -3.0 0.7
90825.0 90823.9 5.0 -1.7 3.4 -2.4 15.7 -3.0 0.7
90817.0 90823.7 5.0 -1.8 3.4 -1.8 13.0 -3.0 0.7
90821.0 90823.6 5.0 -1.9 3.4 -1.3 11.8 -3.0 0.7
90808.0 90823.2 5.0 -2.2 3.4 -1.9 13.2 -2.9 0.7
90827.0 90823.2 5.0 -2.2 3.4 -0.6 10.3 -2.9 0.7
90841.0 90823.6 5.0 -1.9 3.4 -3.1 19.9 -3.0 0.7
90855.0 90824.4 5.0 -1.5 3.4 0.0 10.0 -3.1 0.7
90833.0 90824.6 5.0 -1.3 3.4 -1.1 11.3 -3.2 0.7
90832.0 90824.7 5.0 -1.2 3.4 -2.0 14.2 -3.2 0.7
90848.0 90825.3 5.0 -0.9 3.4 -1.1 11.4 -3.3 0.7
90823.0 90825.2 5.0 -0.9 3.4 -1.9 13.6 -3.3 0.7
90834.0 90825.4 5.0 -0.8 3.4 -1.9 13.7 -3.3 0.7
90845.0 90825.9 5.0 -0.6 3.4 0.1 10.0 -3.4 0.7
90819.0 90825.7 5.0 -0.7 3.4 -4.2 27.6 -3.4 0.7
90840.0 90826.1 5.0 -0.5 3.4 -2.3 15.6 -3.4 0.7
90797.0 90825.3 5.0 -1.0 3.4 -3.2 19.7 -3.3 0.7
90818.0 90825.1 5.0 -1.2 3.5 -1.6 12.4 -3.3 0.7
90820.0 90825.0 5.0 -1.3 3.5 -2.0 13.9 -3.3 0.7
90836.0 90825.2 5.0 -1.2 3.5 -1.2 11.5 -3.3 0.7
90824.0 90825.2 5.0 -1.2 3.4 -1.5 12.3 -3.3 0.7
90852.0 90825.8 5.0 -0.8 3.4 -0.8 10.9 -3.4 0.7
90817.0 90825.6 5.0 -1.0 3.4 -1.1 11.1 -3.4 0.7
90836.0 90825.8 5.0 -0.8 3.4 -0.8 10.7 -3.4 0.7
90829.0 90825.9 5.0 -0.8 3.4 2.3 15.2 -3.4 0.7
90792.0 90825.0 5.0 -1.3 3.4 -0.5 10.1 -3.3 0.7
90807.0 90824.6 5.0 -1.6 3.4 -0.1 10.0 -3.2 0.7
90828.0 90824.6 5.0 -1.6 3.4 -1.1 11.2 -3.2 0.7
90838.0 90824.9 5.0 -1.4 3.4 -2.2 15.3 -3.3 0.7
90826.0 90824.9 5.0 -1.4 3.4 -2.9 18.2 -3.3 0.7
90823.0 90824.8 5.0 -1.5 3.4 -2.2 14.8 -3.3 0.7
90829.0 90824.9 5.1 -1.5 3.4 -3.2 20.7 -3.3 0.7
90831.0 90825.0 5.1 -1.4 3.4 -1.9 13.9 -3.3 0.7
90814.0 90824.7 5.1 -1.6 3.4 -1.8 13.2 -3.3 0.7
90817.0 90824.5 5.1 -1.8 3.4 -3.1 19.4 -3.2 0.7
90803.0 90823.9 5.1 -2.2 3.4 -2.4 15.1 -3.1 0.7
90827.0 90824.0 5.1 -2.2 3.4 -1.1 11.3 -3.2 0.7
90812.0 90823.6 5.1 -2.4 3.4 -2.2 14.4 -3.1 0.7
90818.0 90823.4 5.1 -2.6 3.4 -2.1 14.2 -3.1 0.7
90806.0 90822.9 5.1 -2.9 3.4 -1.9 13.3 -3.0 0.7
90806.0 90822.4 5.1 -3.2 3.4 -4.2 27.2 -2.9 0.7
90814.0 90822.2 5.1 -3.4 3.4 -0.0 10.0 -2.9 0.6
90825.0 90822.2 5.1 -3.4 3.4 -3.8 24.8 -2.9 0.6
90840.0 90822.6 5.1 -3.2 3.4 -1.6 12.9 -3.0 0.6
90823.0 90822.5 5.1 -3.2 3.4 -1.6 12.4 -3.0 0.6
90815.0 90822.3 5.1 -3.4 3.4 -0.6 10.3 -3.0 0.6
90812.0 90821.9 5.1 -3.5 3.4 -2.5 16.1 -2.9 0.6
90823.0 90821.9 5.1 -3.6 3.4 -0.9 10.8 -2.9 0.6
90843.0 90822.4 5.1 -3.2 3.4 -2.9 18.8 -3.0 0.6
90834.0 90822.6 5.1 -3.1 3.4 -2.9 18.9 -3.1 0.6
90823.0 90822.5 5.1 -3.1 3.4 -2.2 14.7 -3.1 0.6
90816.0 90822.3 5.1 -3.3 3.4 -2.7 17.1 -3.0 0.6
90836.0 90822.6 5.1 -3.1 3.4 -3.2 20.8 -3.1 0.6
90818.0 90822.4 5.1 -3.3 3.4 -3.8 23.9 -3.1 0.6
90837.0 90822.7 5.1 -3.1 3.4 -0.8 10.8 -3.1 0.6
90814.0 90822.5 5.1 -3.3 3.4 -1.6 12.4 -3.1 0.6
90800.0 90821.8 5.1 -3.7 3.4 -2.3 14.7 -3.0 0.6
90827.0 90821.9 5.1 -3.6 3.4 -2.9 18.4 -3.0 0.6
90828.0 90822.0 5.1 -3.6 3.4 -3.1 20.0 -3.1 0.6
90853.0 90822.7 5.1 -3.1 3.4 -2.3 15.8 -3.2 0.6
90812.0 90822.4 5.1 -3.3 3.4 -1.1 11.0 -3.1 0.6
90827.0 90822.4 5.1 -3.3 3.4 -2.6 16.7 -3.2 0.6
90819.0 90822.3 5.1 -3.4 3.4 0.7 10.5 -3.2 0.6
90803.0 90821.7 5.1 -3.7 3.4 -3.4 20.8 -3.1 0.6
90827.0 90821.8 5.1 -3.7 3.4 -1.8 13.2 -3.1 0.6
90822.0 90821.7 5.1 -3.7 3.4 -0.3 10.1 -3.1 0.6
90826.0 90821.7 5.1 -3.6 3.3 -1.5 12.2 -3.1 0.6
90831.0 90821.9 5.1 -3.5 3.3 -1.7 13.0 -3.2 0.6
90809.0 90821.5 5.1 -3.8 3.3 -1.7 12.6 -3.1 0.6
90829.0 90821.6 5.1 -3.7 3.3 -1.9 13.9 -3.1 0.6
90835.0 90821.9 5.1 -3.5 3.3 -1.3 12.0 -3.2 0.6
90805.0 90821.4 5.1 -3.8 3.3 -3.4 21.1 -3.1 0.6
90830.0 90821.5 5.1 -3.7 3.3 -3.2 20.7 -3.2 0.6
90832.0 90821.7 5.1 -3.6 3.3 -1.3 11.7 -3.2 0.6
90827.0 90821.8 5.1 -3.5 3.3 0.0 10.0 -3.2 0.6
90808.0 90821.4 5.1 -3.8 3.3 -3.6 22.8 -3.2 0.6
90829.0 90821.5 5.1 -3.7 3.3 -3.0 19.1 -3.2 0.6
90840.0 90821.9 5.1 -3.5 3.3 -1.1 11.4 -3.3 0.6
90823.0 90821.8 5.1 -3.5 3.3 -1.3 11.6 -3.3 0.6
90822.0 90821.8 5.1 -3.5 3.3 -1.4 11.8 -3.3 0.6
90785.0 90820.8 5.1 -4.1 3.3 -0.3 10.0 -3.1 0.6
90845.0 90821.3 5.1 -3.7 3.3 -0.6 10.5 -3.2 0.6
90821.0 90821.2 5.1 -3.7 3.2 0.7 10.6 -3.2 0.6
90834.0 90821.5 5.1 -3.5 3.2 0.2 10.0 -3.3 0.6
90830.0 90821.6 5.1 -3.4 3.2 -0.7 10.5 -3.3 0.6
90816.0 90821.4 5.1 -3.5 3.2 0.8 10.8 -3.3 0.6
90802.0 90820.8 5.1 -3.8 3.2 0.1 10.0 -3.2 0.6
90795.0 90820.1 5.1 -4.2 3.2 0.7 10.7 -3.1 0.6
90806.0 90819.7 5.1 -4.4 3.2 -2.4 15.6 -3.0 0.6
90820.0 90819.6 5.1 -4.5 3.2 -1.2 11.4 -3.0 0.6
90815.0 90819.4 5.1 -4.5 3.2 -1.9 13.7 -3.0 0.6
90803.0 90818.9 5.1 -4.9 3.2 -1.5 12.0 -3.0 0.6
90799.0 90818.3 5.1 -5.2 3.2 -1.6 12.3 -2.9 0.6
90815.0 90818.1 5.1 -5.3 3.2 -2.3 15.4 -2.9 0.6
90837.0 90818.5 5.1 -5.0 3.2 -0.8 10.8 -2.9 0.5
90840.0 90818.9 5.1 -4.7 3.1 -2.2 15.1 -3.0 0.5
90803.0 90818.4 5.1 -5.0 3.1 -0.3 10.1 -3.0 0.5
90832.0 90818.7 5.1 -4.8 3.1 -2.7 17.6 -3.0 0.5
90816.0 90818.5 5.1 -4.9 3.1 -1.6 12.4 -3.0 0.5
90826.0 90818.6 5.1 -4.8 3.1 -1.9 13.7 -3.0 0.5
90823.0 90818.6 5.1 -4.7 3.1 -1.8 13.2 -3.1 0.5
90808.0 90818.3 5.1 -5.0 3.1 -2.7 16.8 -3.0 0.5
90805.0 90817.8 5.1 -5.2 3.1 -2.4 15.5 -3.0 0.5
90820.0 90817.8 5.1 -5.2 3.1 -1.3 11.8 -3.0 0.5
90797.0 90817.2 5.1 -5.6 3.1 -0.6 10.3 -2.9 0.5
90816.0 90817.0 5.1 -5.6 3.1 -2.0 14.0 -2.9 0.5
90836.0 90817.4 5.1 -5.4 3.1 -1.4 12.2 -3.0 0.5
90831.0 90817.6 5.1 -5.2 3.1 -3.1 20.1 -3.0 0.5
90832.0 90817.9 5.1 -5.0 3.1 -1.0 11.2 -3.1 0.5
90822.0 90817.9 5.1 -4.9 3.0 -9.0 91.1 -3.1 0.5
90818.0 90817.8 5.0 -5.1 3.1 2.1 14.5 -3.1 0.5
90805.0 90817.4 5.0 -5.3 3.1 2.5 16.4 -3.0 0.5
90833.0 90817.7 5.0 -5.0 3.1 -3.0 19.5 -3.1 0.5
90823.0 90817.7 5.0 -5.0 3.1 -3.1 19.6 -3.1 0.5
90816.0 90817.6 5.0 -5.0 3.0 -5.9 45.1 -3.1 0.5
90822.0 90817.6 5.0 -5.1 3.1 3.6 22.8 -3.1 0.5
90812.0 90817.4 5.0 -5.1 3.1 2.3 15.6 -3.1 0.5
90816.0 90817.2 5.0 -5.1 3.0 -3.8 24.3 -3.1 0.5
90837.0 90817.6 5.0 -4.8 3.0 -1.8 13.6 -3.2 0.5
90825.0 90817.7 5.0 -4.8 3.0 -6.7 55.2 -3.2 0.5
90774.0 90816.5 5.0 -5.6 3.0 6.0 48.0 -3.0 0.5
90821.0 90816.5 5.0 -5.4 3.0 4.0 26.0 -3.1 0.5
90813.0 90816.3 5.0 -5.4 3.0 -2.0 14.1 -3.1 0.5
90808.0 90816.0 5.0 -5.5 3.0 -11.8 149.4 -3.0 0.5
90801.0 90815.5 5.0 -6.0 3.1 2.0 14.3 -3.0 0.5
90821.0 90815.6 5.0 -5.9 3.1 2.1 14.1 -3.0 0.5
90809.0 90815.3 5.0 -5.9 3.1 1.5 12.3 -3.0 0.5
90805.0 90814.9 5.0 -6.1 3.1 -0.5 10.2 -2.9 0.5
90818.0 90814.9 5.0 -6.0 3.1 -0.5 10.2 -2.9 0.5
90843.0 90815.5 5.0 -5.6 3.0 -3.1 20.2 -3.0 0.5
