90741.0 92.3 -0.0 401.9 -0.5 0.9 -0.0 400.0
90741.4 52.2 0.0 402.0 -3.5 50.3 -0.0 400.8
90741.3 36.5 -0.1 401.7 -5.8 135.4 0.0 400.9
90742.4 28.3 0.3 400.9 -3.8 60.0 -0.0 400.9
90740.8 23.3 -1.0 399.3 -4.4 75.2 0.1 401.0
90741.1 20.0 -0.6 396.6 8.0 254.0 0.0 401.0
90740.4 17.8 -1.5 392.7 19.1 1486.1 0.1 401.0
90738.5 16.3 -4.3 388.0 6.0 160.7 0.5 400.9
90740.0 15.3 -0.9 381.2 -3.9 72.7 0.1 400.8
90741.7 14.6 3.0 372.9 -40.1 7043.5 -0.5 400.6
90745.9 14.2 13.1 365.7 -79.7 27380.3 -2.1 400.3
90744.8 13.9 8.1 364.4 48.1 17085.2 -1.4 399.9
90744.5 13.8 7.5 360.3 -12.6 644.4 -1.2 399.5
90745.0 13.7 8.4 346.7 -24.2 2381.5 -1.4 398.8
90743.7 13.8 3.0 332.7 -10.4 347.7 -0.4 398.1
90744.3 13.8 4.8 317.4 2.8 22.4 -0.9 397.2
90747.8 13.9 15.9 301.5 -13.8 1077.3 -3.4 396.3
90748.4 14.0 16.8 286.1 -7.2 223.6 -3.7 395.1
90747.7 14.0 13.2 270.5 0.8 11.4 -2.8 393.7
90747.9 14.1 12.9 255.2 -10.8 459.4 -2.7 392.5
90748.4 14.1 13.4 240.8 -1.0 5.8 -2.9 390.8
90750.2 14.1 18.3 226.9 0.9 1.5 -4.4 389.4
90749.0 14.1 13.4 213.9 -7.9 156.9 -2.8 388.1
90748.6 14.0 11.4 201.8 -1.6 3.6 -2.1 386.0
90748.2 13.9 9.3 190.6 -6.9 150.6 -1.4 384.3
90748.1 13.8 8.4 180.4 -5.1 92.2 -1.1 381.9
90749.2 13.7 11.2 171.0 0.9 0.3 -2.3 379.4
90747.8 13.6 6.5 162.4 -6.7 87.2 -0.2 377.6
90749.2 13.5 9.8 154.8 -6.6 269.2 -1.8 374.8
90747.7 13.3 5.1 147.9 -6.2 60.1 0.5 371.8
90747.9 13.2 5.3 141.7 -6.3 169.3 0.3 368.7
90747.4 13.1 3.4 136.2 -7.5 173.7 1.2 365.4
90747.8 12.9 4.3 131.4 -4.2 91.4 0.7 361.9
90747.2 12.8 2.3 127.0 -9.7 295.2 1.8 358.3
90747.5 12.6 2.8 123.2 -7.7 264.6 1.3 354.5
90747.1 12.5 1.5 119.9 -5.6 91.9 2.1 350.6
90746.6 12.4 0.1 117.0 -10.5 365.2 3.0 346.5
90744.9 12.2 -4.3 114.5 -11.7 304.2 6.0 342.2
90745.4 12.1 -3.0 112.3 -11.8 663.0 4.9 337.7
90744.4 12.0 -5.5 110.5 -10.7 321.6 6.6 333.1
90742.1 11.9 -11.1 108.9 -15.8 532.4 10.9 328.2
90743.2 11.8 -8.3 107.6 -13.6 1032.8 8.3 323.3
90743.2 11.7 -8.1 106.6 -13.9 813.5 8.0 318.1
90744.3 11.6 -5.4 105.8 -9.4 573.1 5.4 312.7
90741.7 11.5 -11.6 104.9 -16.1 461.1 10.7 307.2
90744.1 11.4 -5.7 104.2 -9.5 906.7 5.0 301.6
90744.3 11.4 -4.9 103.7 -9.4 417.9 4.2 295.8
90743.8 11.3 -6.3 103.0 -10.4 342.5 5.3 289.9
90745.0 11.3 -3.3 102.4 -6.8 385.8 2.2 283.8
90746.3 11.2 -0.1 101.9 -4.9 264.7 -1.1 277.6
90743.5 11.2 -6.9 101.3 -10.3 53.2 5.5 271.3
90745.1 11.1 -3.0 100.6 -4.4 286.5 1.4 265.0
90744.6 11.1 -4.2 100.0 -7.7 172.0 2.6 258.5
90745.2 11.1 -2.7 99.4 -4.7 160.2 0.9 252.0
90744.6 11.0 -4.1 98.7 -8.3 189.5 2.2 245.4
90746.0 11.0 -0.7 98.0 -3.1 184.1 -1.5 238.8
90746.2 11.0 -0.0 97.3 -2.2 33.7 -2.1 232.2
90748.1 11.0 4.4 96.5 3.4 6.0 -6.8 225.6
90749.2 10.9 6.8 95.6 3.3 2.8 -9.2 219.3
90748.0 10.9 3.6 94.7 3.0 164.9 -5.8 213.3
90748.3 10.9 4.3 93.8 3.2 25.8 -6.4 206.7
90750.5 10.9 9.4 92.8 6.8 9.9 -11.7 200.3
90750.0 10.9 7.9 91.8 6.7 281.1 -10.0 194.1
90749.8 10.9 7.2 90.8 5.1 145.8 -9.1 187.7
90749.9 10.8 7.3 89.7 4.8 93.0 -9.1 181.4
90749.5 10.8 6.1 88.6 3.5 94.2 -7.8 175.3
90750.0 10.8 6.8 87.4 3.1 23.5 -8.5 169.2
90749.7 10.8 6.1 86.2 5.7 173.1 -7.6 163.3
90749.3 10.7 4.9 85.0 3.0 72.3 -6.4 157.5
90749.0 10.7 4.1 83.8 3.9 94.0 -5.4 151.8
90748.5 10.7 2.7 82.5 1.1 27.0 -4.0 146.3
90748.6 10.7 2.8 81.2 -2.5 26.1 -4.1 141.0
90748.4 10.6 2.2 79.8 -0.3 0.2 -3.5 135.8
90747.3 10.6 -0.3 78.4 -4.4 14.9 -1.1 131.6
90747.8 10.6 0.6 77.1 -2.3 40.7 -2.0 126.8
90748.0 10.5 1.0 75.7 -1.4 13.2 -2.4 122.0
90748.1 10.5 1.3 74.3 -1.0 8.0 -2.8 117.6
90751.3 10.5 8.3 72.9 5.1 10.2 -9.5 113.3
90753.2 10.4 12.1 71.6 9.0 116.4 -13.0 109.2
90751.1 10.4 7.3 70.2 4.0 304.3 -8.3 105.0
90750.8 10.3 6.4 69.0 3.7 85.7 -7.4 100.9
90752.1 10.3 9.0 67.6 5.7 42.2 -9.8 97.0
90753.6 10.3 11.9 66.3 8.6 150.6 -12.3 93.3
90752.9 10.2 10.1 65.0 5.7 224.8 -10.5 89.7
90753.5 10.2 11.1 63.8 7.1 157.8 -11.3 86.2
90751.6 10.1 6.8 62.5 2.8 180.7 -7.3 82.8
90751.5 10.1 6.4 61.3 1.3 12.8 -6.9 79.6
90751.7 10.0 6.5 60.0 3.8 54.9 -6.9 76.7
90751.5 10.0 5.9 58.7 2.7 42.9 -6.3 73.7
90753.0 9.9 8.7 57.5 4.1 11.6 -8.8 70.9
90751.9 9.9 6.3 56.3 2.0 70.5 -6.6 68.4
90751.7 9.8 5.6 55.1 1.1 10.8 -6.0 65.8
90750.9 9.8 3.7 53.9 1.3 34.4 -4.3 63.5
90749.3 9.7 0.6 52.8 -2.3 0.6 -1.6 61.1
90748.9 9.6 -0.3 51.6 -2.9 19.6 -0.9 59.7
90749.1 9.6 -0.1 50.5 -4.2 81.0 -1.2 57.6
90750.4 9.5 2.5 49.4 -0.9 38.2 -3.4 55.5
90751.7 9.5 4.8 48.4 0.2 11.9 -5.3 53.5
90753.0 9.4 7.1 47.3 3.3 8.0 -7.2 51.8
90753.5 9.4 7.9 46.3 3.1 25.0 -7.8 50.2
90754.0 9.3 8.6 45.3 5.2 85.9 -8.3 48.5
90755.5 9.3 11.3 44.4 6.0 61.7 -10.4 46.8
90758.8 9.2 17.2 43.5 8.6 65.9 -15.0 45.2
90759.1 9.1 17.2 42.6 8.3 282.7 -14.8 43.6
90757.5 9.1 13.8 41.8 4.6 216.7 -12.0 42.1
90757.6 9.0 13.6 41.0 4.1 72.8 -11.9 40.6
90756.9 9.0 11.8 40.2 11.3 650.2 -10.4 39.3
90758.0 8.9 13.7 39.6 0.5 2.3 -11.6 37.9
90758.2 8.9 13.5 38.8 14.4 857.3 -11.5 37.2
90757.7 8.8 12.4 38.3 -0.1 3.3 -10.5 36.0
90759.4 8.8 15.0 37.5 12.7 462.1 -12.4 35.3
90759.1 8.7 14.3 36.9 3.8 80.5 -11.7 34.2
90760.8 8.7 16.8 36.2 10.6 306.2 -13.5 33.1
90761.4 8.6 17.4 35.6 7.8 224.3 -13.7 32.0
90759.7 8.6 14.0 35.0 4.6 203.8 -11.2 31.0
90759.5 8.5 13.3 34.4 7.1 239.9 -10.6 30.1
90759.3 8.5 12.6 33.8 5.7 158.0 -10.0 29.1
90759.5 8.4 12.8 33.2 5.9 139.0 -10.0 28.2
90758.2 8.4 10.2 32.6 2.3 68.7 -8.1 27.4
90758.0 8.3 9.6 31.9 4.9 112.1 -7.7 26.6
90758.4 8.3 9.9 31.4 3.1 34.4 -7.8 25.8
90757.4 8.2 8.1 30.8 3.0 73.6 -6.6 25.1
90757.1 8.2 7.5 30.2 1.4 14.5 -6.1 24.4
90757.6 8.1 8.0 29.6 3.0 27.3 -6.4 23.9
90757.2 8.1 7.2 29.1 1.8 22.9 -5.8 23.3
90758.0 8.0 8.3 28.5 0.6 0.0 -6.5 22.8
90759.6 8.0 10.6 28.0 4.1 25.3 -8.1 23.1
90759.6 7.9 10.3 27.4 2.8 36.6 -7.8 22.7
90758.5 7.9 8.3 26.9 4.1 118.9 -6.5 22.1
90759.3 7.9 9.4 26.5 2.3 9.9 -7.2 21.6
90759.8 7.8 9.8 26.0 3.1 33.7 -7.4 21.3
90759.5 7.8 9.2 25.5 2.2 28.2 -6.9 20.9
90759.6 7.7 9.2 25.1 1.5 10.1 -6.9 20.5
90759.4 7.7 8.6 24.6 1.8 18.1 -6.5 20.3
90759.9 7.6 9.1 24.2 1.9 10.2 -6.8 19.9
90759.8 7.6 8.7 23.8 0.9 6.3 -6.5 19.7
90758.4 7.6 6.4 23.4 0.6 16.7 -5.0 19.7
90758.5 7.5 6.3 23.0 0.9 4.3 -5.0 19.4
90758.3 7.5 5.9 22.6 0.4 1.8 -4.7 19.5
90757.5 7.4 4.6 22.2 0.8 10.9 -3.9 19.7
90757.6 7.4 4.6 21.9 0.1 0.0 -3.9 19.6
90756.3 7.4 2.6 21.5 -2.8 9.6 -2.6 20.2
90756.7 7.3 3.0 21.2 -2.7 36.1 -2.9 20.1
90755.8 7.3 1.5 20.9 -3.0 16.8 -2.0 19.8
90756.7 7.2 2.8 20.6 -2.0 31.4 -2.8 19.7
90757.2 7.2 3.3 20.3 -2.4 30.8 -3.2 19.4
90758.0 7.2 4.3 20.0 0.1 1.1 -3.8 19.2
90757.1 7.1 2.9 19.8 -2.9 16.5 -3.0 19.6
90755.8 7.1 0.9 19.5 -3.8 26.6 -1.8 19.5
90756.4 7.1 1.6 19.3 -2.6 39.2 -2.3 19.3
90756.7 7.0 2.0 19.1 -0.1 0.3 -2.5 19.1
90756.4 7.0 1.5 18.8 -2.9 27.2 -2.2 19.7
90755.9 7.0 0.7 18.6 -2.9 23.0 -1.8 19.5
90757.0 6.9 2.1 18.4 -2.4 43.2 -2.7 19.4
90757.3 6.9 2.5 18.2 -2.7 33.6 -2.9 19.2
90755.3 6.9 -0.3 18.1 -5.0 43.6 -1.3 19.0
90756.1 6.8 0.6 17.9 -3.1 55.6 -1.9 18.8
90756.1 6.8 0.6 17.8 -4.3 73.2 -1.9 18.6
90756.7 6.8 1.3 17.6 -2.2 28.4 -2.4 18.4
90757.0 6.7 1.6 17.5 -3.0 42.0 -2.6 18.2
90756.0 6.7 0.2 17.4 -2.2 7.9 -1.8 18.1
90756.0 6.7 0.1 17.2 -3.8 56.6 -1.8 18.1
90755.7 6.7 -0.4 17.1 -3.9 54.1 -1.5 17.9
90755.7 6.6 -0.4 17.0 -2.6 27.9 -1.5 17.8
90756.0 6.6 -0.1 16.9 -3.3 49.6 -1.8 17.6
90756.0 6.6 -0.2 16.8 -2.5 25.1 -1.8 17.5
90755.6 6.6 -0.7 16.7 -3.8 49.8 -1.4 17.4
90755.6 6.5 -0.8 16.6 -4.2 71.6 -1.5 17.2
90755.3 6.5 -1.2 16.6 -3.4 39.7 -1.3 17.0
90755.5 6.5 -1.1 16.5 -2.0 17.4 -1.4 16.9
90755.4 6.5 -1.1 16.4 -3.3 42.3 -1.4 16.8
90754.6 6.4 -2.3 16.3 -5.5 93.2 -0.7 16.7
90754.1 6.4 -3.0 16.3 -5.1 87.7 -0.3 16.5
90755.6 6.4 -0.9 16.3 -2.3 52.1 -1.7 16.3
90755.3 6.4 -1.4 16.2 -2.9 27.6 -1.4 16.1
90754.8 6.4 -2.1 16.1 -2.4 16.8 -1.0 16.0
90753.6 6.4 -3.7 16.1 -5.8 94.9 -0.1 16.0
90753.6 6.3 -3.7 16.1 -5.7 134.7 -0.1 15.8
90752.7 6.3 -4.9 16.0 -4.8 67.6 0.5 15.6
90752.2 6.3 -5.5 16.0 -6.3 141.2 0.8 15.4
90753.1 6.3 -4.3 16.0 -3.9 89.2 0.1 15.2
90753.3 6.3 -4.0 16.0 -5.1 112.9 -0.2 15.1
90754.3 6.3 -2.8 16.0 -3.9 87.4 -1.0 14.9
90754.9 6.3 -1.9 15.9 -3.1 55.1 -1.6 14.7
90755.2 6.2 -1.6 15.9 -4.9 104.2 -1.8 14.6
90755.0 6.2 -1.9 15.9 -5.3 103.5 -1.7 14.4
90755.2 6.2 -1.6 15.9 -1.7 15.5 -1.9 14.2
90755.5 6.2 -1.3 15.8 -2.1 20.5 -2.1 14.2
90756.4 6.2 -0.1 15.8 -3.6 78.4 -2.9 14.1
90756.1 6.2 -0.6 15.7 -1.9 9.9 -2.6 14.0
90754.9 6.2 -2.2 15.7 -2.3 7.5 -1.7 14.1
90754.8 6.2 -2.3 15.6 -2.3 20.9 -1.6 14.2
90754.2 6.2 -3.1 15.6 -4.6 68.8 -1.2 14.1
90753.7 6.2 -3.7 15.5 -5.9 122.2 -0.9 14.0
90753.4 6.1 -4.1 15.5 -3.8 51.0 -0.7 13.8
90753.3 6.1 -4.2 15.5 -3.5 50.9 -0.7 13.7
90751.9 6.1 -6.0 15.4 -6.1 100.2 0.3 13.6
90753.0 6.1 -4.6 15.4 -5.8 179.0 -0.6 13.4
90753.7 6.1 -3.7 15.4 -4.1 86.6 -1.2 13.2
90754.0 6.1 -3.3 15.4 -3.1 45.9 -1.5 13.1
90754.9 6.1 -2.1 15.3 -1.1 14.0 -2.3 13.0
90754.2 6.1 -2.9 15.3 -2.7 19.2 -1.7 13.0
90753.8 6.1 -3.5 15.2 -4.0 56.2 -1.5 13.0
90752.9 6.1 -4.6 15.2 -3.6 34.6 -0.8 12.8
90753.7 6.1 -3.4 15.1 -1.3 16.6 -1.6 12.7
90753.8 6.1 -3.3 15.1 -2.5 27.9 -1.7 12.7
90752.9 6.1 -4.4 15.0 -4.4 54.8 -1.0 12.7
90751.6 6.1 -6.1 14.9 -6.8 137.3 -0.1 12.6
90752.2 6.1 -5.3 14.9 -3.3 60.9 -0.6 12.4
90751.8 6.1 -5.7 14.9 -5.3 105.3 -0.4 12.3
90752.1 6.0 -5.3 14.8 -4.4 86.5 -0.7 12.1
90751.6 6.0 -5.9 14.8 -4.5 72.7 -0.5 12.0
90751.7 6.0 -5.7 14.8 -4.4 83.4 -0.6 11.9
90750.4 6.0 -7.3 14.7 -6.4 123.4 0.3 11.7
90750.9 6.0 -6.6 14.7 -5.4 135.2 -0.2 11.6
90751.4 6.0 -5.8 14.7 -3.0 49.4 -0.7 11.4
90750.4 6.0 -7.1 14.6 -4.0 43.3 -0.0 11.3
90751.0 6.0 -6.3 14.5 -4.7 107.5 -0.5 11.2
90749.6 6.0 -7.9 14.5 -4.7 57.5 0.3 11.1
90748.1 6.0 -9.8 14.4 -4.5 48.0 1.4 11.0
90747.6 6.0 -10.2 14.4 -4.6 76.1 1.6 10.9
90747.9 6.0 -9.7 14.3 -6.1 170.2 1.2 10.8
90746.9 6.0 -10.8 14.3 -4.8 70.7 1.8 10.6
90747.6 6.0 -9.7 14.3 -8.1 306.8 1.1 10.5
90748.6 6.0 -8.4 14.3 -3.2 66.0 0.3 10.4
90748.5 6.0 -8.3 14.2 -6.4 171.1 0.2 10.3
90748.4 6.0 -8.4 14.2 -3.3 44.4 0.2 10.1
90747.6 6.0 -9.2 14.1 -4.7 75.2 0.6 10.1
90746.9 5.9 -10.0 14.1 -4.8 77.8 1.0 10.0
90746.2 5.9 -10.7 14.0 -7.1 178.1 1.3 9.8
90745.9 5.9 -11.0 14.0 -5.9 135.3 1.4 9.7
90745.2 5.9 -11.7 14.0 -6.6 156.9 1.7 9.6
90744.6 5.9 -12.3 13.9 -6.2 138.2 2.0 9.5
90745.4 5.9 -11.0 13.9 -6.3 198.5 1.2 9.3
90746.8 5.9 -9.2 13.9 -4.2 109.6 0.1 9.2
90747.6 5.9 -8.0 13.8 -4.9 125.6 -0.5 9.1
90747.5 5.9 -8.1 13.8 -4.4 80.3 -0.6 9.0
90747.3 5.9 -8.2 13.7 -4.1 66.4 -0.6 8.9
90747.6 5.9 -7.8 13.6 -3.5 56.8 -0.9 8.8
90747.8 5.9 -7.3 13.5 -2.6 32.4 -1.1 8.7
90747.4 5.9 -7.7 13.5 -3.5 43.8 -1.0 8.7
90747.9 5.9 -7.0 13.4 -1.9 20.9 -1.4 8.7
90747.2 5.9 -7.7 13.3 -1.4 4.2 -1.0 8.7
90745.8 5.9 -9.2 13.2 -2.8 15.3 -0.2 9.0
90745.9 5.8 -9.0 13.1 -4.9 101.2 -0.4 9.1
90745.1 5.8 -9.9 13.0 -4.6 67.5 0.1 9.0
90744.9 5.8 -9.9 12.9 -6.5 171.8 0.0 8.9
90745.3 5.8 -9.4 12.9 -5.6 139.9 -0.3 8.8
90745.1 5.8 -9.5 12.8 -4.1 65.6 -0.3 8.7
90744.6 5.8 -9.9 12.8 -5.2 102.3 -0.1 8.7
90744.9 5.8 -9.4 12.7 -3.4 55.9 -0.5 8.6
90744.8 5.8 -9.4 12.6 -5.2 109.4 -0.5 8.5
90745.0 5.8 -9.0 12.6 -5.2 118.4 -0.7 8.5
90745.2 5.8 -8.6 12.5 -2.7 35.1 -1.0 8.4
90745.8 5.8 -7.8 12.4 -3.3 56.1 -1.5 8.4
90747.0 5.8 -6.2 12.4 -1.6 25.6 -2.4 8.3
90747.0 5.8 -6.1 12.3 -1.8 13.5 -2.4 8.3
90747.2 5.7 -5.8 12.2 -1.8 16.1 -2.6 8.4
90747.2 5.7 -5.7 12.1 -2.1 19.1 -2.7 8.5
90746.6 5.7 -6.2 12.0 -1.9 10.3 -2.4 8.6
90747.1 5.7 -5.6 11.9 -2.8 40.8 -2.8 8.8
90747.9 5.7 -4.5 11.8 0.4 0.1 -3.4 8.8
90748.3 5.7 -4.0 11.8 -1.7 15.7 -3.6 9.6
90747.8 5.7 -4.5 11.7 -0.6 0.3 -3.4 9.7
90748.0 5.7 -4.2 11.6 -1.0 5.1 -3.5 10.5
90747.8 5.7 -4.3 11.5 -0.4 0.4 -3.5 10.9
90749.0 5.7 -2.8 11.4 -0.8 10.2 -4.3 11.7
90748.2 5.7 -3.7 11.4 -3.5 36.1 -3.8 11.9
90747.7 5.6 -4.2 11.3 -0.7 0.8 -3.6 11.9
90749.0 5.6 -2.6 11.2 0.6 0.3 -4.4 12.6
90749.2 5.6 -2.3 11.2 0.3 0.1 -4.6 13.4
90749.8 5.6 -1.6 11.1 0.9 1.3 -4.9 14.3
90749.4 5.6 -2.0 11.1 2.7 33.8 -4.7 14.9
90749.5 5.6 -1.8 11.1 3.5 47.5 -4.8 15.0
90749.0 5.6 -2.2 11.0 -13.5 708.2 -4.5 14.9
90750.1 5.6 -1.2 11.3 0.8 0.1 -5.2 14.8
90750.1 5.6 -1.2 11.3 -1.4 8.2 -5.2 15.7
90748.3 5.6 -3.2 11.3 7.5 294.5 -4.2 15.9
90748.2 5.6 -3.1 11.4 -7.2 204.6 -4.1 15.9
90748.1 5.5 -3.3 11.4 -2.4 21.7 -4.1 15.8
90748.6 5.5 -2.7 11.5 -11.7 583.8 -4.5 15.8
90750.3 5.5 -1.0 11.7 7.9 188.2 -5.5 15.7
90750.6 5.5 -0.4 11.8 1.8 10.6 -5.7 15.6
90750.7 5.5 -0.2 11.8 18.6 1395.2 -5.8 15.8
90751.8 5.5 1.4 12.4 1.6 2.9 -6.5 15.7
90752.6 5.5 2.4 12.4 16.6 1049.1 -7.0 16.2
90752.9 5.5 3.0 12.8 79.6 34355.0 -7.2 16.1
90752.7 5.5 4.5 25.2 132.1 70547.8 -7.0 16.0
90752.3 5.5 6.6 56.3 143.3 58481.0 -6.6 15.9
90752.6 5.5 10.1 95.7 176.0 82477.8 -6.7 15.7
90752.2 5.7 13.1 161.2 218.7 141600.6 -6.3 15.6
90752.3 5.9 17.9 282.2 267.2 186632.4 -6.1 15.5
90752.2 6.3 22.7 467.0 305.2 217497.6 -5.8 15.4
90752.9 7.0 31.3 731.6 363.2 260345.5 -5.9 15.3
90754.6 8.1 47.1 1055.9 455.1 284360.4 -6.3 15.2
90755.7 9.6 57.4 1383.5 479.0 284549.0 -6.3 15.1
90758.7 11.8 83.0 1715.5 581.8 294409.1 -6.8 15.0
90760.6 14.2 95.8 1973.4 577.8 284681.7 -6.8 14.9
90758.5 17.0 69.2 2215.5 428.3 299208.9 -6.2 14.8
90760.7 19.7 86.1 2429.9 496.6 320531.2 -6.3 14.8
90759.9 22.2 73.6 2550.2 436.4 317953.0 -6.1 14.8
90758.0 24.0 53.3 2491.0 357.0 269742.7 -5.9 14.8
90758.2 25.0 51.8 2203.0 305.9 167837.4 -5.9 14.8
90761.4 25.7 69.5 1856.0 205.4 69197.5 -6.0 14.8
90767.2 26.1 103.5 1633.8 241.9 100684.7 -6.0 14.8
90775.6 26.1 147.3 1439.8 253.5 101086.7 -5.9 14.8
90786.6 25.9 199.9 1284.7 274.7 111380.7 -5.8 14.8
90791.0 25.4 207.0 1171.8 279.3 124225.5 -5.8 14.8
90796.0 24.9 217.6 1112.7 311.1 158843.6 -5.7 14.7
90800.3 24.3 223.9 1101.4 330.9 173066.8 -5.7 14.7
90805.0 23.7 230.0 1067.0 274.7 116413.6 -5.7 14.7
90809.6 23.1 227.8 955.8 -14.3 976.1 -5.7 14.7
90814.9 22.6 231.0 837.5 -69.1 22898.6 -5.7 14.7
90821.4 22.1 238.9 739.3 15.3 1025.3 -5.7 14.7
90822.9 21.6 224.7 647.0 -18.4 1422.1 -5.7 14.7
90827.2 21.1 223.3 566.6 -2.3 21.1 -5.8 14.7
90829.0 20.5 212.4 496.3 -34.2 4948.0 -5.8 14.9
90837.2 20.0 227.1 437.5 -94.9 65413.9 -5.7 14.9
90837.4 19.4 208.4 409.8 -158.5 107473.4 -5.8 14.9
90842.2 18.9 209.0 400.3 -83.6 20274.0 -5.8 14.9
90844.0 18.4 199.0 375.4 -80.6 20614.7 -5.9 14.9
90844.6 17.9 185.5 349.2 -87.4 24637.9 -5.9 14.9
90849.4 17.5 187.5 327.6 -101.6 32908.4 -5.9 14.9
90856.1 17.1 195.2 313.0 -113.1 38906.0 -5.9 14.9
90863.0 16.7 202.6 307.0 -152.3 74094.1 -5.8 14.9
90866.1 16.4 195.8 327.7 -204.0 127374.0 -5.8 14.9
90867.4 16.1 182.5 395.0 -260.9 159707.6 -5.8 14.9
90871.8 15.8 181.2 450.5 -205.7 85432.2 -5.8 14.9
90873.1 15.7 174.0 476.1 37.7 40348.4 -5.8 14.9
90874.1 15.7 166.4 488.3 106.5 83713.0 -5.8 14.9
90875.9 15.7 163.3 502.2 130.4 56325.0 -5.8 14.9
90878.4 15.8 160.4 500.7 -45.2 15442.9 -5.8 14.9
90882.5 15.9 163.0 478.7 -105.8 73254.2 -5.8 14.9
90883.9 16.0 153.2 481.8 -167.4 131762.9 -5.8 14.9
90888.4 16.1 154.6 531.5 -220.4 153703.3 -5.8 14.9
90890.9 16.2 150.1 545.0 -121.8 36520.9 -5.8 14.9
90890.4 16.3 134.8 533.6 -27.1 2453.8 -5.7 14.9
90893.9 16.4 137.4 494.3 -78.7 77461.0 -5.8 14.9
90896.7 16.5 135.5 484.6 -137.4 145431.6 -5.8 14.9
90897.5 16.6 124.1 534.3 -212.7 168454.5 -5.7 14.9
90900.2 16.7 120.7 594.5 -224.4 119739.4 -5.7 14.9
90899.1 16.8 101.7 650.1 -247.5 112325.0 -5.6 14.9
90900.1 16.9 92.3 702.3 -256.8 115444.7 -5.6 14.9
90899.7 17.1 77.6 739.7 -245.3 99025.6 -5.5 14.9
90899.0 17.4 63.2 763.9 -235.7 92475.5 -5.5 14.9
90900.1 17.6 59.6 755.7 -145.8 42665.4 -5.5 14.9
90902.2 17.9 61.2 729.2 -149.6 55346.1 -5.5 14.9
90901.9 18.1 50.7 701.4 -172.8 73668.2 -5.5 14.9
90898.9 18.3 29.8 675.8 -148.3 49584.5 -5.4 14.9
90903.5 18.4 45.1 644.2 -136.6 47614.2 -5.5 14.9
90907.1 18.5 54.1 611.7 -142.3 53803.8 -5.5 14.9
90906.9 18.5 45.5 586.8 -176.5 82496.6 -5.5 14.8
90908.0 18.4 42.1 588.1 -221.8 128909.9 -5.5 14.8
90910.6 18.4 44.6 636.6 -263.2 170045.6 -5.6 14.8
90916.1 18.3 58.4 724.5 -273.9 177740.8 -5.7 14.8
90920.4 18.3 66.9 802.5 -260.2 145892.7 -5.7 14.8
90916.9 18.3 44.2 778.0 -131.6 34656.4 -5.6 14.8
90918.8 18.4 45.8 751.2 -137.2 49201.6 -5.6 14.8
90916.3 18.5 29.1 710.6 -46.8 6665.4 -5.6 14.8
90913.7 18.6 13.6 649.1 -104.9 65324.5 -5.5 14.8
90912.1 18.6 2.9 611.5 -163.4 101683.7 -5.5 14.8
90910.8 18.6 -6.2 606.9 -200.7 105856.3 -5.4 14.8
90913.0 18.5 -1.1 641.4 -242.7 164254.6 -5.5 14.8
90913.9 18.4 1.0 633.3 -120.1 35350.1 -5.5 14.8
90914.7 18.4 1.8 610.5 -124.1 42593.9 -5.5 14.8
90913.7 18.3 -5.4 585.8 -165.6 81150.8 -5.5 14.8
90911.8 18.2 -16.6 585.5 -214.6 122100.5 -5.5 14.8
90915.3 18.1 -5.7 625.6 -247.1 154791.2 -5.5 14.8
90918.2 18.1 1.8 704.8 -271.4 171978.1 -5.6 14.8
90918.8 18.0 6.5 663.2 20.9 2145.7 -5.6 14.8
90918.8 18.0 6.2 609.5 -51.7 14307.6 -5.6 14.8
90913.5 18.0 -17.5 560.0 -97.7 38781.5 -5.5 14.8
90910.3 18.0 -31.5 524.7 -149.0 80583.8 -5.4 14.8
90911.0 17.9 -29.5 522.1 -200.0 133886.5 -5.5 14.8
90911.5 17.8 -30.0 583.1 -248.2 198987.3 -5.5 14.8
90909.8 17.8 -40.5 705.2 -306.5 209971.1 -5.5 14.8
90911.5 17.7 -33.2 736.3 -210.9 92332.6 -5.5 14.8
90910.0 17.7 -36.4 707.9 -2.7 28.1 -5.5 14.8
90909.2 17.8 -36.6 649.9 -75.4 38737.8 -5.5 14.9
90904.6 17.9 -54.7 605.2 -123.6 57491.8 -5.4 14.9
90902.4 17.9 -60.6 570.5 5.1 107.5 -5.4 14.9
90902.5 17.9 -55.1 516.8 62.0 18750.1 -5.4 15.0
90899.3 17.9 -62.6 472.4 41.8 6235.1 -5.4 15.0
90900.9 17.8 -50.7 428.6 96.7 44252.7 -5.4 15.0
90900.2 17.6 -47.1 403.7 152.0 96610.9 -5.4 15.0
90900.1 17.4 -40.3 417.0 204.6 125280.4 -5.5 15.0
90901.5 17.2 -27.8 464.5 242.9 130776.6 -5.5 15.0
90901.1 17.0 -23.6 498.2 189.2 71661.3 -5.5 15.0
90899.9 16.9 -26.7 503.1 -43.6 22188.5 -5.5 15.0
90898.2 16.8 -32.5 486.2 -107.0 58199.5 -5.5 15.0
90895.6 16.7 -40.5 470.8 9.2 364.9 -5.4 15.0
90893.6 16.7 -44.9 433.0 78.6 39780.0 -5.4 15.0
90893.0 16.6 -42.8 407.6 -18.0 1435.1 -5.4 15.0
90894.4 16.5 -35.2 373.6 -82.6 62265.2 -5.5 15.0
90890.4 16.4 -48.9 364.7 -142.7 128242.4 -5.4 15.0
90888.9 16.3 -54.4 418.3 -204.0 189676.8 -5.4 15.0
90885.5 16.2 -68.4 553.9 -283.1 228834.9 -5.3 15.0
90887.7 16.2 -60.2 682.1 -266.8 172878.8 -5.4 15.0
90888.8 16.3 -55.1 765.4 -238.3 124226.1 -5.5 15.0
90888.6 16.6 -56.7 893.5 -275.4 180187.1 -5.5 14.9
90887.8 17.0 -62.0 1084.2 -320.4 243745.0 -5.5 14.9
90886.6 17.7 -69.2 1353.2 -370.9 296576.1 -5.5 14.9
90881.8 18.6 -98.9 1639.3 -495.0 307674.2 -5.4 14.9
90880.6 19.3 -99.8 1651.7 -384.5 189652.0 -5.5 14.9
90878.5 19.9 -98.8 1421.2 -125.9 30626.9 -5.4 14.9
90876.7 20.8 -100.3 1316.9 -164.3 78726.3 -5.4 14.9
90877.9 21.4 -85.1 1228.0 -204.6 141475.3 -5.5 14.9
90875.8 21.9 -92.7 1186.4 -258.3 171288.7 -5.5 14.9
90870.4 22.1 -117.1 1148.9 -266.3 128093.0 -5.4 14.9
90868.3 22.3 -121.5 1164.3 -308.2 191612.7 -5.4 14.9
90865.9 22.3 -128.7 1221.6 -345.2 209898.2 -5.4 14.9
90860.7 22.2 -140.0 1055.2 -45.6 5919.2 -5.4 14.9
90856.6 22.1 -147.5 937.0 -103.8 62979.1 -5.4 14.9
90854.6 21.9 -145.3 850.3 -159.9 124640.3 -5.4 14.9
90849.9 21.6 -156.6 795.5 -151.7 61427.0 -5.4 14.9
90848.2 21.3 -152.2 762.0 -105.5 145501.2 -5.4 14.9
90840.4 21.0 -175.2 810.1 -85.5 229664.5 -5.4 14.9
90831.4 20.7 -200.5 981.8 -55.9 297549.0 -5.3 14.9
90825.3 20.4 -205.7 955.4 112.8 105646.5 -5.3 14.9
90823.2 20.3 -197.6 988.5 -26.4 121579.2 -5.3 14.9
90818.7 20.3 -203.7 1012.6 -131.2 125004.6 -5.3 14.9
90816.8 20.3 -192.6 937.7 -3.1 38.5 -5.3 14.9
90813.6 20.3 -189.3 842.3 43.2 80599.8 -5.3 15.0
90815.8 20.2 -159.9 781.5 109.5 149392.7 -5.4 15.0
90807.8 20.2 -178.6 791.9 176.0 186326.5 -5.3 15.0
90802.8 20.1 -180.7 846.1 230.9 171889.7 -5.3 15.0
90798.8 19.9 -178.7 850.1 197.8 88280.4 -5.3 15.0
90794.5 19.8 -181.4 804.3 52.7 8088.4 -5.3 15.0
90793.5 19.8 -168.2 733.6 80.3 23858.3 -5.3 15.0
90789.8 19.7 -167.9 669.2 133.4 78473.5 -5.3 15.0
90784.5 19.5 -173.5 640.4 184.9 142301.1 -5.3 15.0
90780.4 19.4 -171.5 680.6 241.1 198020.2 -5.3 15.0
90777.8 19.2 -161.7 789.1 301.8 216773.3 -5.3 15.0
90775.0 19.1 -154.0 878.7 302.5 164587.2 -5.3 15.0
90773.5 19.0 -150.3 794.9 -4.2 73.3 -5.3 15.0
90772.9 19.0 -139.4 723.5 -40.2 6904.1 -5.4 15.1
90770.8 19.0 -137.4 656.6 27.9 3573.1 -5.4 15.1
90769.8 18.9 -129.3 592.3 82.9 32940.5 -5.4 15.1
90766.4 18.8 -130.8 544.0 137.9 91822.0 -5.4 15.1
90766.5 18.7 -116.4 532.0 191.6 112741.9 -5.5 15.1
90766.3 18.5 -104.7 531.2 153.1 54442.7 -5.5 15.1
90767.6 18.3 -90.5 511.9 -26.1 3787.8 -5.6 15.1
90765.6 18.1 -92.1 467.1 -69.0 20480.4 -5.6 15.1
90763.1 17.9 -95.1 430.1 52.1 21123.2 -5.6 15.1
90760.2 17.6 -97.8 399.9 105.4 92417.2 -5.5 15.1
90757.9 17.4 -96.1 407.9 170.9 138500.8 -5.5 15.1
90756.5 17.1 -90.3 454.7 214.3 126250.1 -5.5 15.0
90754.9 16.9 -87.6 468.6 113.7 31632.1 -5.5 15.0
90749.6 16.8 -99.2 458.7 26.0 2354.7 -5.4 15.0
90749.9 16.7 -90.4 424.7 10.5 425.8 -5.5 15.0
90748.4 16.5 -89.2 390.3 -10.6 457.2 -5.5 15.1
90747.5 16.4 -86.3 357.6 62.8 22954.4 -5.5 15.1
90748.1 16.3 -76.6 335.3 121.5 77167.2 -5.6 15.1
90746.0 16.1 -75.7 342.3 176.3 109731.6 -5.6 15.1
90742.8 16.0 -78.3 364.8 150.6 57725.0 -5.5 15.1
90743.0 15.8 -70.4 372.6 90.1 21366.9 -5.6 15.1
90743.7 15.7 -61.4 361.5 65.6 13466.5 -5.7 15.0
90744.8 15.6 -52.3 342.3 51.2 9010.0 -5.7 15.0
90741.4 15.5 -59.0 320.6 81.6 25326.7 -5.7 15.0
90741.0 15.4 -54.8 306.2 113.8 44102.9 -5.7 15.0
90742.2 15.3 -44.7 303.3 143.5 60531.3 -5.8 15.0
90745.1 15.2 -29.0 316.3 187.1 93516.8 -5.9 15.0
90747.3 15.1 -15.7 358.6 236.3 130480.0 -6.0 15.0
90747.2 15.0 -9.8 436.8 271.4 150922.6 -6.0 15.0
90749.4 15.0 5.0 543.4 312.2 162055.7 -6.1 15.0
90751.5 15.2 19.4 668.8 343.9 169972.3 -6.2 15.0
90750.7 15.5 21.2 816.3 349.5 187928.3 -6.1 15.0
90751.9 15.9 32.1 984.1 382.4 205350.8 -6.1 15.0
90752.8 16.5 41.7 1172.3 409.9 224390.1 -6.1 15.0
90753.9 17.4 51.6 1359.1 428.9 231346.9 -6.2 15.0
90756.4 18.3 68.7 1518.3 455.2 225869.0 -6.2 15.0
90755.6 19.3 62.5 1621.1 397.8 206622.4 -6.1 15.0
90756.9 20.3 70.0 1675.3 386.2 189764.8 -6.1 15.0
90760.7 21.3 92.7 1715.6 418.2 193525.6 -6.2 15.0
90763.6 22.2 106.2 1697.1 393.4 170879.4 -6.2 15.0
90763.2 22.8 95.3 1597.6 288.9 117225.8 -6.2 15.0
90766.6 23.3 108.2 1465.5 219.1 75066.0 -6.2 15.0
90770.4 23.6 120.2 1316.2 135.7 37081.2 -6.2 15.0
90770.7 23.6 109.9 1159.5 57.7 9798.5 -6.2 15.0
90773.3 23.5 113.4 1001.4 103.9 43939.4 -6.2 15.0
90779.3 23.2 135.1 876.0 151.1 76753.4 -6.2 15.0
90784.0 22.8 147.5 788.9 170.0 74443.4 -6.2 15.0
90788.2 22.3 155.9 716.5 100.3 25587.2 -6.2 15.0
90787.3 21.8 139.2 639.9 9.7 358.6 -6.2 15.0
90789.7 21.2 137.9 558.1 -59.2 18953.9 -6.2 15.0
90791.7 20.6 133.4 494.2 -108.3 48405.5 -6.2 15.0
90792.4 20.1 123.6 453.5 -135.8 56180.7 -6.2 15.0
90794.4 19.5 119.1 429.0 -134.6 48063.5 -6.2 15.0
90793.3 19.0 103.7 411.5 -145.8 54621.6 -6.1 15.0
90798.5 18.5 111.9 404.1 -168.5 75342.1 -6.2 15.0
90802.8 18.0 116.3 402.1 -116.1 34124.4 -6.2 15.0
90804.3 17.6 111.7 389.0 -82.2 19348.5 -6.2 15.0
90807.3 17.3 112.6 367.9 -115.4 45372.2 -6.2 15.0
90808.9 16.9 107.7 359.2 -158.8 79684.2 -6.2 15.0
90813.4 16.6 111.9 379.8 -205.2 130001.6 -6.2 15.0
90814.8 16.4 104.1 451.5 -260.3 173357.2 -6.2 15.0
90816.8 16.3 98.0 569.6 -300.4 185643.2 -6.2 15.0
90820.0 16.2 96.8 685.1 -293.6 158308.9 -6.3 15.0
90823.5 16.3 100.7 705.1 -174.7 61051.8 -6.3 15.0
90823.0 16.4 87.7 706.5 -114.5 29789.9 -6.2 15.0
90825.0 16.7 87.2 680.8 -78.0 17618.3 -6.2 15.0
90828.6 17.0 93.8 639.0 -89.4 26390.5 -6.3 15.0
90832.0 17.2 98.6 597.3 -103.0 33688.2 -6.3 15.0
90834.2 17.4 97.8 559.7 -102.1 31101.5 -6.3 15.0
90832.1 17.5 78.8 522.9 -60.0 11132.9 -6.2 15.0
90830.9 17.5 66.7 479.4 34.6 6317.3 -6.2 15.0
90832.8 17.5 69.6 435.4 16.9 1103.1 -6.2 15.0
90832.4 17.4 63.1 392.5 -56.5 17742.7 -6.1 15.0
90832.4 17.3 57.2 359.2 -103.1 43050.8 -6.1 15.0
90836.9 17.1 67.0 340.7 -118.7 43710.7 -6.2 15.0
90835.4 16.8 55.4 327.6 -41.6 5554.4 -6.1 15.0
90834.9 16.6 49.3 301.0 -0.3 0.3 -6.1 15.0
90837.1 16.3 53.4 273.1 -7.8 245.3 -6.1 15.9
90838.1 16.1 53.1 247.9 -40.6 6927.0 -6.1 15.9
90842.9 15.8 63.6 227.7 -91.1 37227.2 -6.2 15.9
90843.3 15.5 59.1 221.4 -135.4 64280.0 -6.2 15.9
90844.9 15.2 57.8 230.8 -127.4 44202.9 -6.2 15.9
90845.1 14.9 52.3 240.5 -131.5 46290.8 -6.2 15.9
90844.1 14.7 43.9 250.2 -124.9 40770.6 -6.1 15.9
90846.3 14.5 45.5 257.4 -108.9 32617.7 -6.1 15.9
90850.0 14.3 51.5 261.9 -139.1 59987.7 -6.3 15.9
90850.6 14.2 47.1 277.5 -158.8 66975.9 -6.2 15.9
90849.7 14.1 38.6 297.9 -145.3 50565.6 -6.2 15.9
90849.2 14.0 32.3 311.4 -109.6 30567.1 -6.1 15.9
90850.4 14.0 32.8 311.9 -13.9 707.4 -6.1 15.9
90849.5 14.0 27.3 293.7 3.3 44.7 -6.1 15.9
90852.8 14.0 36.3 275.1 -5.4 121.1 -6.2 16.0
90856.1 14.0 44.5 256.8 -51.8 12097.0 -6.3 16.0
90853.9 14.0 33.5 243.3 -94.5 35592.6 -6.2 16.0
90854.0 13.9 29.8 240.5 -124.8 50226.4 -6.1 16.0
90858.8 13.9 40.1 248.6 -136.4 53548.3 -6.4 16.0
90860.4 13.9 40.3 260.4 -117.4 36887.1 -6.4 16.0
90857.3 13.8 25.5 268.4 -141.4 54739.4 -6.2 16.0
90856.0 13.8 17.3 282.4 -152.8 59205.1 -6.1 16.0
90857.4 13.8 18.0 296.3 -107.0 29699.9 -6.2 15.9
90854.0 13.8 4.1 299.4 -115.7 37696.7 -5.9 15.9
90850.8 13.8 -9.3 303.7 -152.3 67050.9 -5.8 15.9
90850.0 13.9 -14.3 322.1 -177.1 79852.6 -5.7 15.9
90850.2 13.9 -15.8 345.4 -147.6 51279.8 -5.8 15.9
90847.5 14.0 -26.2 357.9 -114.7 32630.9 -5.6 15.9
90849.5 14.1 -19.6 357.1 -68.1 13941.2 -5.8 15.9
90848.8 14.2 -21.6 343.1 -19.7 1429.5 -5.8 15.9
90847.7 14.3 -24.2 320.9 -68.6 21317.1 -5.7 15.9
90848.0 14.4 -23.0 306.0 -113.2 49463.0 -5.8 15.9
90849.5 14.5 -18.8 305.6 -145.0 65087.3 -5.9 15.9
90849.1 14.5 -21.8 317.6 -152.7 60586.6 -5.9 15.9
90848.9 14.5 -23.2 327.4 -97.7 25120.7 -5.9 15.9
90850.2 14.5 -18.6 321.7 -8.5 279.3 -6.0 15.9
90852.3 14.6 -10.6 299.5 -40.7 7014.2 -6.1 15.9
90852.7 14.6 -9.4 280.3 -34.8 4551.4 -6.1 15.9
90851.5 14.5 -13.4 261.2 -14.5 808.5 -6.1 15.9
90850.4 14.5 -16.1 241.5 -22.7 2039.2 -6.0 15.9
90846.1 14.4 -29.0 223.4 -21.6 1795.4 -5.8 15.9
90844.6 14.3 -32.1 206.4 1.7 11.7 -5.8 15.9
90845.4 14.2 -27.9 189.9 26.5 2879.4 -5.9 16.1
90845.4 14.1 -26.0 175.8 -36.6 6338.0 -5.9 16.1
90843.5 13.9 -30.6 164.2 -42.1 6686.2 -5.8 16.1
90839.6 13.7 -40.4 154.0 -1.4 6.1 -5.6 16.1
90841.5 13.5 -33.1 142.1 -8.9 329.6 -5.8 16.5
90840.6 13.3 -33.8 131.3 -30.5 3796.4 -5.8 16.5
90842.8 13.1 -27.3 122.7 -47.6 8887.2 -5.9 16.5
90843.4 12.9 -25.4 117.0 -57.3 12138.3 -6.0 16.5
90842.9 12.7 -26.4 113.6 -33.0 3940.0 -6.0 16.5
90842.8 12.5 -25.9 107.6 -21.1 1722.2 -6.0 16.5
90840.7 12.3 -30.0 101.1 -12.2 574.8 -5.9 16.5
90838.5 12.1 -33.9 94.6 -16.9 1117.8 -5.8 16.5
90838.5 11.9 -32.7 88.8 -28.3 3196.1 -5.9 16.5
90839.4 11.7 -30.1 84.4 -59.8 14620.1 -6.0 16.5
90836.5 11.5 -36.2 84.7 -93.6 32343.4 -5.8 16.5
90837.1 11.3 -35.0 92.1 -49.1 7986.4 -5.9 16.5
90834.9 11.2 -38.8 92.0 11.6 577.2 -5.8 16.4
90834.3 11.0 -38.2 87.7 26.0 2720.5 -5.8 16.4
90832.5 10.9 -39.9 84.3 -2.4 20.8 -5.7 16.4
90831.7 10.7 -39.9 80.1 -43.9 8423.4 -5.7 16.6
90830.9 10.6 -41.0 79.3 -74.3 21412.8 -5.7 16.6
90831.9 10.5 -38.8 83.9 -89.1 27003.2 -5.9 16.6
90831.1 10.4 -40.7 92.7 -96.5 29354.4 -5.9 16.6
90830.2 10.3 -42.5 103.2 -81.4 20350.2 -5.9 16.5
90828.7 10.2 -44.9 110.1 32.9 5879.0 -5.8 16.5
90829.5 10.2 -40.5 109.4 94.5 48905.8 -6.0 16.5
90828.0 10.1 -39.8 125.1 150.0 91717.1 -5.9 16.5
90825.4 10.1 -40.5 170.0 187.9 105054.1 -5.7 16.5
90824.5 10.1 -37.1 227.5 188.9 83102.0 -5.7 16.5
90824.7 10.3 -32.2 266.0 110.7 29086.8 -5.8 16.5
90825.4 10.4 -26.7 280.8 51.4 8106.8 -6.0 16.4
90821.3 10.7 -36.8 276.6 20.3 1616.5 -5.5 16.4
90819.4 11.0 -40.1 266.3 -57.7 19461.2 -5.4 16.4
90821.6 11.3 -31.2 261.1 58.8 31004.8 -5.7 16.4
90821.2 11.6 -28.9 261.2 80.1 23351.5 -5.8 16.4
90821.8 11.9 -23.5 259.7 94.5 29161.2 -5.9 16.3
90823.2 12.1 -15.3 259.6 110.4 37377.3 -6.1 16.3
90823.0 12.4 -13.1 262.5 95.9 26759.4 -6.1 16.3
90822.7 12.6 -11.4 261.1 45.8 6852.5 -6.1 16.3
90821.4 12.8 -14.3 249.0 8.7 298.9 -6.0 16.3
90820.6 12.9 -15.9 233.0 -34.8 5282.5 -6.0 16.3
90823.0 13.1 -7.7 219.1 -36.9 5270.0 -6.2 16.3
90822.8 13.2 -8.6 205.9 6.9 194.0 -6.2 16.3
90822.8 13.2 -8.0 191.1 58.5 15923.1 -6.2 16.3
90821.7 13.2 -9.6 182.7 97.9 37020.8 -6.1 16.3
90820.7 13.2 -10.3 183.1 50.9 8483.9 -6.1 16.2
90819.3 13.1 -12.5 175.5 81.7 25443.8 -6.0 16.2
90819.7 13.1 -9.4 172.9 15.1 841.1 -6.0 16.2
90819.3 13.0 -9.8 161.6 -1.1 4.7 -6.0 16.2
90819.9 12.9 -7.5 150.5 -14.0 795.3 -6.1 16.7
90823.1 12.8 1.0 140.4 -2.0 20.3 -6.3 16.7
90821.9 12.7 -2.1 130.6 15.3 963.7 -6.2 16.8
90819.0 12.6 -9.2 121.8 34.7 4909.6 -6.0 16.8
90818.0 12.4 -10.4 115.2 54.6 11575.9 -6.0 16.8
90817.3 12.3 -10.5 111.9 82.6 25373.5 -5.9 16.8
90817.4 12.1 -8.1 114.9 88.4 25281.9 -5.9 16.8
90816.4 12.0 -8.5 119.6 52.2 8971.3 -5.9 16.8
90816.2 11.8 -7.6 117.8 15.6 920.5 -5.9 16.8
90816.6 11.7 -6.2 111.7 -13.0 694.3 -5.9 16.8
90814.4 11.6 -11.2 105.8 -34.5 4767.0 -5.7 16.8
90814.8 11.4 -10.3 101.6 12.8 675.1 -5.8 16.8
90815.6 11.3 -7.9 96.3 42.1 7306.7 -5.9 16.7
90815.3 11.2 -7.4 93.6 -3.2 41.0 -5.9 16.7
90815.2 11.1 -7.3 88.5 60.9 19293.0 -5.9 16.8
90814.5 11.0 -7.4 90.0 22.8 1936.4 -5.8 16.8
90815.4 10.9 -4.7 86.3 -2.7 32.4 -5.9 16.8
90815.9 10.7 -3.7 81.8 9.6 370.1 -6.0 16.9
90814.4 10.6 -6.4 77.7 19.7 1573.2 -5.8 16.9
90814.9 10.5 -4.8 74.3 16.8 1100.6 -5.9 16.9
90814.6 10.4 -4.8 70.9 25.4 2568.4 -5.9 16.9
90814.8 10.3 -3.7 68.3 32.7 4152.3 -5.9 16.9
90814.7 10.2 -3.1 66.5 30.5 3551.5 -5.9 16.9
90813.8 10.1 -4.3 64.7 43.8 7467.1 -5.8 16.8
90814.0 10.0 -2.9 64.6 38.6 5534.4 -5.8 16.8
90814.4 9.9 -1.2 64.0 12.8 624.1 -5.9 16.8
90814.0 9.8 -1.6 61.4 1.2 5.9 -5.8 16.8
90815.0 9.7 0.3 58.7 -14.4 859.0 -6.0 17.2
90815.7 9.6 1.3 56.4 -6.3 160.7 -6.1 17.2
90817.2 9.5 3.9 53.9 18.8 1421.4 -6.3 17.2
90817.5 9.4 4.8 52.1 35.6 5047.6 -6.4 17.2
90818.1 9.4 6.4 51.8 12.7 614.5 -6.4 17.1
90818.7 9.3 7.4 49.9 13.0 665.3 -6.5 17.1
90818.0 9.2 6.1 48.1 15.0 911.8 -6.3 17.1
90819.2 9.1 8.4 46.5 -3.0 40.4 -6.5 17.1
90819.8 9.0 9.0 44.7 -5.4 118.0 -6.6 17.2
90820.8 8.9 10.3 42.9 -13.5 747.2 -6.8 17.2
90820.0 8.9 8.4 41.5 -9.9 371.1 -6.6 17.1
90820.0 8.8 8.0 40.1 8.8 318.8 -6.6 17.1
90821.1 8.7 9.7 38.7 56.0 14005.7 -6.8 17.1
90821.1 8.6 10.4 42.2 57.7 11911.1 -6.7 17.1
90821.8 8.5 12.3 46.1 32.4 3773.1 -6.8 17.1
90822.6 8.5 13.9 46.5 1.1 4.1 -6.9 17.0
90823.5 8.4 14.8 45.2 -8.0 263.8 -7.1 17.5
90822.5 8.4 12.6 43.9 -6.2 139.5 -6.8 17.5
90821.7 8.3 10.8 42.6 -10.6 424.3 -6.5 17.4
90820.7 8.3 8.4 41.5 3.0 45.4 -6.2 17.4
90820.6 8.2 8.1 40.3 -24.6 2502.3 -6.1 17.5
90820.8 8.2 7.7 40.0 -7.6 231.2 -6.1 17.4
90819.9 8.1 5.9 39.0 -13.0 648.4 -5.9 17.4
90820.9 8.1 7.0 38.1 62.0 22436.9 -6.1 17.4
90820.0 8.0 6.3 44.2 -0.5 0.1 -5.8 17.3
90819.2 8.0 4.7 43.1 -1.8 8.9 -5.5 18.2
90819.1 8.0 4.5 41.9 1.6 11.4 -5.5 18.5
90820.3 7.9 6.3 40.8 4.6 72.8 -5.8 18.7
90821.8 7.9 8.6 39.8 1.7 6.4 -6.2 18.7
90820.3 7.9 5.9 38.7 3.1 51.6 -5.7 19.0
90821.4 7.9 7.6 37.7 3.9 52.4 -6.0 19.1
90821.7 7.8 7.9 36.6 5.7 129.7 -6.1 19.1
90821.1 7.8 6.8 35.7 12.6 661.5 -5.8 19.0
90821.2 7.8 6.9 35.0 -3.7 54.7 -5.8 19.0
90821.1 7.8 6.6 34.0 -11.6 533.5 -5.8 19.0
90820.9 7.7 5.8 33.3 8.6 310.5 -5.6 18.9
90822.0 7.7 7.4 32.6 -1.2 9.7 -6.0 18.9
90821.7 7.7 6.8 31.7 -1.0 2.7 -5.8 19.1
90820.8 7.7 5.1 30.9 -4.9 80.1 -5.4 19.6
90820.8 7.6 4.9 30.1 4.9 98.0 -5.4 19.6
90820.2 7.6 3.8 29.3 1.2 8.4 -5.1 19.6
90820.5 7.6 4.3 28.6 -2.2 22.0 -5.2 19.8
90818.9 7.5 1.7 27.9 -5.0 75.2 -4.6 19.9
90818.4 7.5 0.7 27.3 -3.3 36.5 -4.3 19.9
90819.7 7.5 2.6 26.6 7.7 205.1 -4.9 19.9
90818.5 7.4 0.9 26.1 0.7 6.4 -4.4 19.8
90816.7 7.4 -1.8 25.5 -9.8 328.1 -3.6 20.1
90817.1 7.4 -1.3 25.1 6.7 169.8 -3.8 20.0
90817.9 7.3 0.0 24.6 -1.6 16.1 -4.2 20.0
90819.9 7.3 2.9 24.1 0.8 0.0 -5.0 20.1
90820.6 7.3 3.8 23.7 2.8 25.3 -5.3 21.0
90821.3 7.2 4.8 23.2 3.2 33.8 -5.6 21.0
90822.0 7.2 5.6 22.8 -0.6 3.0 -5.9 21.0
90822.7 7.1 6.5 22.4 3.1 31.3 -6.1 21.5
90822.7 7.1 6.4 22.0 1.0 4.1 -6.1 21.5
90822.2 7.1 5.6 21.7 0.9 6.0 -5.8 21.9
90821.2 7.0 4.0 21.4 -0.4 0.1 -5.2 22.2
90822.1 7.0 5.2 21.1 -0.6 4.4 -5.7 23.1
90823.6 7.0 7.0 20.8 0.7 -0.0 -6.4 23.4
90823.8 6.9 7.2 20.5 -0.3 0.5 -6.4 24.3
90823.1 6.9 6.0 20.3 -0.7 0.1 -5.9 25.1
90823.5 6.9 6.4 20.1 -0.3 1.0 -6.1 25.9
90825.2 6.8 8.5 19.9 -0.4 6.1 -7.0 26.6
90825.5 6.8 8.7 19.7 4.0 59.8 -7.1 26.9
90823.8 6.8 6.2 19.6 2.5 51.2 -6.0 26.8
90825.2 6.7 7.9 19.5 2.0 6.8 -6.7 26.7
90824.5 6.7 6.8 19.3 -0.9 0.7 -6.2 26.9
90824.7 6.7 7.0 19.2 -1.7 13.1 -6.3 27.6
90824.1 6.7 6.0 19.2 0.3 2.2 -5.8 27.7
90824.0 6.6 5.7 19.1 1.0 5.0 -5.7 28.2
90824.7 6.6 6.4 19.0 0.2 0.1 -6.0 28.5
90824.7 6.6 6.3 19.0 2.5 26.6 -6.0 29.3
90825.0 6.6 6.5 19.0 1.5 7.6 -6.0 29.3
90824.3 6.5 5.4 19.0 -0.5 0.0 -5.5 29.4
90824.5 6.5 5.6 19.0 0.7 1.5 -5.6 30.2
90825.6 6.5 7.0 19.0 1.9 6.0 -6.3 30.8
90825.8 6.5 7.0 19.0 1.2 5.3 -6.3 31.0
90826.5 6.5 7.8 19.1 1.5 4.7 -6.7 31.2
90827.3 6.5 8.7 19.1 4.3 59.1 -7.2 31.4
90827.3 6.4 8.6 19.2 2.1 18.6 -7.1 31.3
90827.7 6.4 8.9 19.3 2.6 24.9 -7.2 31.2
90828.3 6.4 9.6 19.4 4.9 84.0 -7.6 31.1
90828.1 6.4 9.1 19.5 1.7 15.7 -7.3 30.9
90827.0 6.4 7.4 19.6 2.5 50.6 -6.2 30.9
90826.1 6.4 6.0 19.7 -2.5 10.2 -5.3 30.7
90827.3 6.4 7.4 19.8 3.1 18.5 -6.2 30.7
90826.7 6.4 6.5 19.9 3.4 64.0 -5.6 30.6
90826.2 6.4 5.7 20.1 -1.4 3.0 -5.1 30.4
90825.7 6.4 4.9 20.2 -2.6 17.2 -4.5 30.7
90825.3 6.4 4.1 20.3 -6.1 124.7 -4.1 30.6
90824.0 6.4 2.1 20.5 0.4 10.7 -2.8 30.3
90823.9 6.4 1.8 20.6 1.3 8.8 -2.7 30.3
90824.5 6.4 2.6 20.7 -3.5 63.0 -3.2 30.3
90823.8 6.4 1.5 20.9 -2.7 16.4 -2.5 30.0
90823.2 6.4 0.6 21.0 -2.5 13.8 -1.9 29.9
90823.7 6.4 1.2 21.1 -1.8 20.0 -2.3 29.8
90824.9 6.4 2.8 21.2 -1.1 19.2 -3.4 29.6
90823.7 6.4 1.1 21.3 -1.5 0.4 -2.3 29.4
90824.2 6.4 1.6 21.4 -3.4 56.6 -2.7 29.9
90824.2 6.5 1.6 21.6 0.1 0.0 -2.7 29.6
90824.0 6.5 1.3 21.7 -2.0 11.8 -2.5 30.3
90823.1 6.5 -0.1 21.8 -3.6 28.3 -1.5 30.1
90822.3 6.5 -1.4 21.8 -3.9 37.3 -0.6 29.9
90822.2 6.5 -1.6 21.9 -2.8 29.8 -0.6 29.6
90822.6 6.5 -1.0 22.0 -4.7 105.2 -1.0 29.3
90823.4 6.5 0.2 22.1 -3.5 79.4 -2.0 28.9
90821.8 6.5 -2.3 22.2 -3.6 14.4 -0.2 28.6
90821.7 6.5 -2.4 22.3 -3.9 61.0 -0.2 28.4
90821.7 6.6 -2.4 22.4 -4.4 76.9 -0.3 28.0
90821.6 6.6 -2.6 22.4 -5.2 105.8 -0.2 27.6
90820.6 6.6 -4.1 22.5 -5.4 79.1 0.8 27.2
90819.8 6.6 -5.2 22.6 -7.3 175.1 1.5 26.9
90820.0 6.6 -5.0 22.6 -5.6 135.7 1.3 26.4
90819.8 6.6 -5.2 22.7 -5.0 97.7 1.3 26.0
90820.5 6.6 -4.2 22.7 -5.3 147.2 0.6 25.6
90819.8 6.6 -5.2 22.8 -8.0 220.0 1.2 25.2
90819.8 6.7 -5.2 22.9 -5.9 144.3 1.1 24.8
90820.4 6.7 -4.3 22.9 -5.1 135.4 0.4 24.4
90820.8 6.7 -3.6 22.9 -5.6 150.1 -0.2 24.0
90821.2 6.7 -2.9 22.9 -5.5 143.9 -0.8 23.6
90821.2 6.7 -3.0 22.9 -4.4 80.2 -0.8 23.2
90822.1 6.7 -1.7 22.9 -3.8 90.7 -1.8 22.8
90822.9 6.7 -0.6 22.8 -1.3 17.3 -2.6 22.4
90822.9 6.7 -0.6 22.7 -3.5 49.8 -2.6 22.1
90823.5 6.7 0.3 22.7 -1.1 12.7 -3.3 21.8
90824.2 6.7 1.4 22.6 -0.8 10.4 -4.1 21.6
90824.2 6.8 1.3 22.5 -0.9 3.3 -4.0 21.4
90824.6 6.8 1.8 22.3 0.6 0.4 -4.4 21.5
90825.7 6.8 3.4 22.2 1.9 2.9 -5.4 22.0
90826.4 6.8 4.4 22.1 2.5 13.1 -6.1 22.2
90826.0 6.8 3.8 22.0 0.1 1.3 -5.6 22.0
90826.1 6.8 3.7 21.8 2.0 17.8 -5.6 22.4
90825.8 6.8 3.2 21.7 0.9 6.6 -5.2 22.1
90826.0 6.8 3.4 21.5 -0.3 0.7 -5.4 22.1
90828.0 6.8 6.2 21.4 1.8 0.0 -7.3 22.6
90829.0 6.8 7.7 21.2 2.1 5.7 -8.2 23.2
90829.2 6.8 7.8 21.1 4.6 82.5 -8.2 23.2
90829.3 6.8 7.7 21.0 4.1 71.6 -8.1 22.9
90828.3 6.8 6.1 20.8 3.1 71.9 -7.0 22.5
90827.9 6.8 5.4 20.7 -0.9 0.8 -6.5 22.2
90827.9 6.8 5.3 20.6 1.2 6.7 -6.4 22.7
90828.2 6.8 5.5 20.4 2.0 13.2 -6.6 22.7
90829.4 6.8 7.1 20.3 0.6 0.6 -7.6 22.6
90830.2 6.8 8.1 20.1 4.1 46.7 -8.3 23.1
90830.8 6.7 8.9 20.0 5.3 95.0 -8.7 22.8
90830.4 6.7 8.0 19.9 2.6 41.2 -8.1 22.5
90830.3 6.7 7.7 19.8 4.6 92.4 -7.8 22.2
90830.3 6.7 7.7 19.7 2.3 23.4 -7.8 21.9
90829.2 6.7 6.0 19.6 -1.9 2.1 -6.6 21.7
90828.4 6.7 4.5 19.4 -1.6 1.8 -5.7 22.1
90828.2 6.7 4.2 19.3 -5.9 126.5 -5.5 22.4
90828.5 6.7 4.3 19.2 -0.7 2.9 -5.6 22.1
90828.1 6.7 3.6 19.1 -3.1 29.0 -5.2 22.4
90827.2 6.7 2.2 19.0 -3.8 32.2 -4.3 22.2
90826.0 6.7 0.4 18.9 -1.0 0.0 -3.2 22.0
90826.3 6.6 0.8 18.8 7.2 188.4 -3.5 22.6
90826.7 6.6 1.5 18.8 -1.9 19.6 -3.8 22.4
90827.5 6.6 2.4 18.7 -1.9 25.6 -4.5 22.2
90827.3 6.6 2.1 18.6 -1.3 5.0 -4.3 22.0
90826.8 6.6 1.3 18.5 -1.7 6.5 -3.8 22.2
90825.9 6.6 -0.1 18.4 -1.9 4.4 -2.9 22.2
90825.7 6.6 -0.3 18.4 -3.0 32.6 -2.8 22.4
90824.9 6.6 -1.4 18.3 -0.7 0.0 -2.1 22.2
90824.0 6.6 -2.7 18.2 -5.0 70.6 -1.3 22.9
90824.4 6.5 -2.1 18.2 -2.4 31.5 -1.7 22.7
90825.1 6.5 -1.2 18.1 -1.6 20.8 -2.4 22.5
90825.0 6.5 -1.3 18.1 -2.9 31.3 -2.3 22.4
90824.4 6.5 -2.2 18.0 -3.3 29.1 -1.8 22.2
90824.2 6.5 -2.4 18.0 -2.9 31.5 -1.7 22.0
90823.6 6.5 -3.3 17.9 -2.1 9.5 -1.2 21.8
90825.7 6.5 -0.4 17.9 -0.9 30.1 -3.1 21.8
90825.3 6.5 -0.9 17.8 -2.8 23.9 -2.7 21.7
90825.6 6.5 -0.5 17.8 -2.3 28.4 -3.1 21.5
90826.0 6.5 -0.0 17.8 -1.9 20.2 -3.4 21.3
90825.7 6.4 -0.5 17.7 -2.0 12.0 -3.1 21.2
90824.5 6.4 -2.1 17.7 -0.6 1.0 -2.0 21.2
90823.6 6.4 -3.3 17.7 -2.7 14.8 -1.3 21.7
90823.5 6.4 -3.4 17.6 -2.6 26.6 -1.3 21.6
90822.8 6.4 -4.3 17.6 -3.0 24.7 -0.7 21.5
90821.8 6.4 -5.6 17.6 -4.7 58.4 0.1 21.3
90822.1 6.4 -5.2 17.6 -5.3 126.1 -0.2 21.1
90822.4 6.4 -4.8 17.6 -4.9 110.3 -0.6 20.9
90823.1 6.4 -3.7 17.6 -3.3 66.1 -1.3 20.6
90824.0 6.4 -2.5 17.6 -2.8 53.2 -2.2 20.4
90823.4 6.4 -3.4 17.6 -2.1 10.6 -1.7 20.2
90822.6 6.4 -4.3 17.6 -3.1 23.6 -1.0 20.2
90822.6 6.4 -4.2 17.6 -4.3 76.5 -1.1 20.0
90822.2 6.4 -4.7 17.6 -3.9 52.2 -0.9 19.8
90822.1 6.4 -4.9 17.6 -3.5 47.2 -0.8 19.6
90821.3 6.3 -5.9 17.6 -4.6 62.1 -0.2 19.4
90821.5 6.3 -5.6 17.6 -3.0 43.8 -0.4 19.1
90822.4 6.3 -4.3 17.6 -4.7 126.7 -1.4 18.9
90824.0 6.3 -2.0 17.6 -0.2 11.7 -2.9 18.7
90824.5 6.3 -1.4 17.6 -0.9 7.4 -3.3 18.7
90824.8 6.3 -0.9 17.6 -1.5 14.1 -3.7 18.7
90826.0 6.3 0.8 17.5 0.4 2.0 -4.8 18.7
90825.9 6.3 0.6 17.5 -0.5 0.7 -4.6 19.1
90826.3 6.3 1.1 17.5 -0.2 1.3 -5.0 19.7
90827.3 6.3 2.4 17.4 2.6 12.4 -5.9 20.1
90826.9 6.3 1.9 17.4 -2.1 11.8 -5.5 20.1
90827.7 6.3 2.8 17.4 0.4 0.2 -6.1 20.1
90826.1 6.3 0.6 17.3 -1.9 0.8 -4.7 20.7
90825.7 6.3 -0.0 17.3 -0.6 0.2 -4.3 21.3
90825.4 6.3 -0.4 17.3 -1.2 3.7 -4.0 22.0
90825.9 6.3 0.3 17.2 0.0 0.8 -4.5 22.2
90825.9 6.3 0.2 17.2 -0.4 0.4 -4.4 22.8
90827.2 6.3 2.0 17.2 1.4 0.1 -5.6 23.4
90826.7 6.3 1.3 17.1 0.7 5.5 -5.2 24.1
90827.2 6.3 2.0 17.1 1.4 3.7 -5.6 24.3
90827.4 6.3 2.1 17.1 4.5 79.0 -5.7 24.5
90825.5 6.3 -0.3 17.1 0.3 14.8 -4.0 24.3
90824.6 6.3 -1.6 17.1 -0.2 1.9 -3.2 24.2
90824.7 6.3 -1.3 17.1 -1.0 5.2 -3.3 24.6
90825.4 6.3 -0.4 17.1 -1.6 19.2 -4.0 24.8
90825.4 6.3 -0.4 17.1 -2.2 19.3 -4.0 24.7
90825.3 6.3 -0.6 17.1 -1.6 9.0 -3.9 24.6
90825.5 6.3 -0.4 17.1 -2.5 28.7 -4.0 24.6
90825.7 6.3 -0.1 17.2 -1.0 5.9 -4.3 24.5
90825.1 6.3 -0.9 17.2 -1.3 2.6 -3.8 24.6
90824.7 6.3 -1.5 17.2 -3.0 26.9 -3.4 24.9
90823.5 6.3 -3.1 17.2 -3.1 18.1 -2.4 24.8
90823.6 6.3 -2.9 17.3 -1.8 15.0 -2.5 24.7
90823.0 6.3 -3.8 17.3 -3.3 30.2 -2.0 24.6
90822.7 6.3 -4.2 17.3 -3.4 40.4 -1.7 24.4
90821.7 6.3 -5.4 17.4 -4.0 40.3 -1.0 24.2
90820.8 6.3 -6.6 17.4 -6.9 153.7 -0.2 24.0
90820.3 6.3 -7.2 17.5 -3.0 29.8 0.1 23.8
90820.4 6.3 -6.9 17.6 -6.6 187.4 -0.1 23.6
90821.3 6.3 -5.6 17.7 -3.5 80.8 -1.1 23.3
90821.3 6.3 -5.6 17.8 -3.4 48.1 -1.2 23.1
90820.9 6.3 -6.1 17.8 -2.7 23.0 -0.9 22.9
90820.3 6.3 -6.8 17.8 -5.0 83.2 -0.4 22.7
90820.3 6.3 -6.7 17.9 -3.2 45.2 -0.6 22.5
90821.4 6.3 -5.1 18.0 -4.2 112.4 -1.7 22.2
90821.9 6.3 -4.3 18.0 -3.7 74.4 -2.3 22.0
90821.9 6.3 -4.3 18.1 -2.9 34.3 -2.4 21.7
90821.5 6.3 -4.7 18.1 -3.6 45.1 -2.1 21.5
90822.2 6.3 -3.8 18.2 -3.5 71.7 -2.8 21.3
90821.9 6.3 -4.1 18.2 -4.2 65.0 -2.6 21.0
90822.6 6.3 -3.1 18.3 -0.6 7.3 -3.3 20.8
90822.1 6.3 -3.7 18.3 -1.8 7.4 -2.9 20.8
90820.9 6.3 -5.4 18.3 -3.4 22.1 -1.8 20.9
90821.1 6.3 -5.0 18.3 -3.8 66.2 -2.1 20.7
90821.3 6.3 -4.6 18.3 -3.7 65.4 -2.5 20.5
90822.9 6.3 -2.3 18.3 -1.4 35.3 -4.1 20.2
90822.3 6.3 -3.1 18.3 -0.7 0.1 -3.5 20.0
90822.5 6.3 -2.8 18.3 -2.0 19.4 -3.8 20.7
90822.3 6.3 -3.1 18.3 1.1 6.4 -3.6 20.5
90821.2 6.3 -4.5 18.3 -3.8 32.3 -2.6 20.6
90821.4 6.3 -4.1 18.3 -1.9 19.4 -2.9 20.4
90821.4 6.3 -4.1 18.3 -0.4 0.9 -3.0 20.3
90821.5 6.3 -3.8 18.3 -1.4 10.4 -3.2 20.8
90822.0 6.3 -3.1 18.2 -1.2 10.6 -3.7 20.7
90821.2 6.3 -4.1 18.2 -1.7 4.7 -3.0 20.7
90821.6 6.3 -3.5 18.2 -1.6 16.5 -3.4 20.9
90822.2 6.3 -2.6 18.2 -0.4 4.9 -4.1 20.7
90821.2 6.4 -3.8 18.1 -3.3 23.8 -3.2 20.9
90821.6 6.4 -3.3 18.1 -2.7 39.6 -3.7 20.7
90822.1 6.4 -2.6 18.1 -0.3 2.5 -4.2 20.5
90822.3 6.4 -2.2 18.0 1.2 3.8 -4.4 20.8
90821.5 6.4 -3.2 18.0 -3.1 22.5 -3.7 21.0
90821.9 6.4 -2.7 18.0 -2.1 23.8 -4.1 20.9
90822.8 6.4 -1.4 17.9 0.6 0.3 -5.0 20.7
90822.8 6.4 -1.4 17.9 0.4 0.7 -5.0 21.4
90822.7 6.4 -1.5 17.8 0.3 0.5 -5.0 21.9
90820.7 6.4 -4.2 17.8 -0.3 9.7 -3.1 22.5
90821.9 6.4 -2.4 17.8 0.5 2.0 -4.3 22.5
90821.8 6.4 -2.5 17.7 1.8 13.5 -4.3 22.9
90822.4 6.4 -1.5 17.7 1.8 5.4 -4.9 22.8
90822.8 6.4 -0.9 17.7 1.2 2.9 -5.2 22.9
90822.4 6.4 -1.4 17.6 2.5 31.2 -4.9 23.2
90821.3 6.4 -2.8 17.6 0.8 13.1 -3.9 23.0
90819.8 6.4 -4.7 17.6 0.3 9.8 -2.7 23.0
90819.0 6.4 -5.7 17.6 -3.4 31.2 -2.0 23.0
90818.9 6.4 -5.7 17.5 -2.1 19.2 -2.1 22.8
90818.6 6.3 -6.0 17.5 -3.1 33.4 -1.9 22.7
90817.7 6.3 -7.2 17.5 -3.3 25.9 -1.2 22.5
90816.6 6.3 -8.6 17.5 -4.2 43.7 -0.3 22.3
90816.3 6.3 -8.8 17.5 -5.0 97.1 -0.2 22.1
90817.2 6.3 -7.4 17.5 -2.5 50.1 -1.2 21.9
90818.3 6.3 -5.8 17.5 -2.9 63.9 -2.3 21.7
90817.4 6.3 -6.9 17.5 -1.7 4.0 -1.6 21.4
90818.0 6.3 -5.9 17.5 -3.4 69.0 -2.3 21.7
90817.8 6.3 -6.1 17.5 -2.4 21.4 -2.2 21.4
90818.1 6.3 -5.6 17.5 -2.4 30.4 -2.6 21.3
90818.3 6.3 -5.3 17.5 -2.0 20.4 -2.8 21.1
90817.6 6.3 -6.0 17.5 -3.3 32.5 -2.3 21.0
90816.9 6.3 -7.0 17.5 -3.6 36.7 -1.7 20.8
90816.9 6.3 -6.8 17.5 -2.4 26.3 -1.9 20.6
90815.7 6.3 -8.3 17.5 -2.6 10.5 -0.9 20.5
90815.6 6.3 -8.3 17.5 -3.9 62.1 -1.0 20.4
90816.5 6.3 -6.9 17.5 -2.4 46.1 -1.9 20.2
90817.1 6.3 -5.9 17.5 -3.5 70.4 -2.6 20.0
90817.8 6.3 -4.9 17.5 -0.8 8.7 -3.4 19.8
90817.9 6.3 -4.6 17.5 -8.5 303.5 -3.6 19.8
90817.9 6.3 -4.8 17.6 2.6 26.9 -3.6 19.5
90817.1 6.3 -5.6 17.6 2.4 36.1 -3.0 19.4
90817.8 6.3 -4.4 17.6 -2.4 40.0 -3.7 19.2
90818.0 6.3 -4.1 17.6 -2.2 24.8 -4.0 19.0
90817.8 6.3 -4.3 17.6 -5.2 103.1 -3.9 18.8
90818.0 6.3 -4.1 17.6 4.5 75.5 -4.1 18.6
90817.6 6.3 -4.4 17.6 3.0 43.7 -3.8 18.4
90817.4 6.3 -4.5 17.6 -3.2 38.3 -3.7 18.2
90818.3 6.3 -3.1 17.6 -0.3 6.5 -4.7 18.0
90818.6 6.3 -2.7 17.5 -4.9 110.0 -5.0 18.1
90816.2 6.3 -5.9 17.5 5.8 250.8 -2.9 17.8
90816.4 6.3 -5.5 17.6 4.1 58.8 -3.1 17.6
90816.1 6.3 -5.6 17.6 -2.1 15.8 -3.0 17.3
90815.6 6.3 -6.2 17.5 -12.2 563.4 -2.6 17.3
90814.7 6.3 -7.5 17.7 1.0 10.8 -1.9 17.0
90814.9 6.3 -7.0 17.7 1.3 3.9 -2.2 17.0
90814.4 6.3 -7.4 17.6 0.5 2.2 -2.0 17.2
90813.8 6.3 -8.1 17.5 -1.9 9.0 -1.5 17.6
90813.9 6.3 -7.8 17.5 -1.7 13.8 -1.7 17.6
90815.2 6.3 -5.7 17.4 -3.0 77.1 -3.1 17.6
