90741.0 90741.0 0.0
90742.0 90741.5 0.1
90741.0 90741.3 0.0
90746.0 90742.5 1.3
90734.0 90740.7 -1.8
90743.0 90741.1 -0.8
90736.0 90740.2 -3.5
90727.0 90738.0 -11.6
90751.0 90739.9 -2.7
90754.0 90742.1 7.5
90777.0 90747.9 33.5
90734.0 90746.2 22.3
90741.0 90745.7 17.9
90748.0 90746.4 19.4
90732.0 90744.3 8.0
90749.0 90745.2 11.4
90773.0 90750.0 31.8
90751.0 90750.7 32.0
90740.0 90749.5 24.1
90747.0 90749.5 22.0
90750.0 90750.0 22.1
90762.0 90752.2 29.5
90737.0 90750.3 19.7
90744.0 90749.7 15.6
90743.0 90748.9 11.5
90746.0 90748.7 9.7
90757.0 90750.1 14.2
90735.0 90748.1 5.7
90759.0 90749.8 11.6
90734.0 90747.7 3.0
90749.0 90747.9 3.6
90742.0 90747.1 0.5
90751.0 90747.7 2.5
90741.0 90746.8 -1.0
90750.0 90747.2 0.6
90743.0 90746.6 -1.5
90742.0 90746.0 -3.9
90730.0 90743.7 -12.0
90751.0 90744.5 -8.2
90736.0 90743.2 -12.4
90722.0 90740.0 -23.0
90755.0 90741.7 -15.2
90745.0 90741.9 -13.4
90756.0 90743.6 -6.0
90718.0 90740.0 -19.0
90769.0 90743.6 -4.1
90748.0 90744.2 -1.8
90739.0 90743.4 -4.4
90758.0 90745.4 3.0
90760.0 90747.4 10.5
90716.0 90743.3 -5.6
90762.0 90745.8 3.9
90740.0 90745.0 1.0
90752.0 90746.0 4.5
90739.0 90745.1 0.9
90761.0 90747.3 9.0
90749.0 90747.7 9.7
90767.0 90750.5 19.4
90759.0 90752.0 23.6
90734.0 90749.9 14.1
90751.0 90750.3 14.5
90772.0 90753.6 25.4
90743.0 90752.5 19.8
90746.0 90752.0 16.2
90750.0 90752.0 15.1
90744.0 90751.2 10.8
90753.0 90751.6 11.7
90746.0 90751.0 8.7
90744.0 90750.2 5.0
90745.0 90749.6 2.3
90742.0 90748.6 -1.5
90749.0 90748.6 -1.3
90746.0 90748.2 -2.6
90736.0 90746.5 -8.8
90752.0 90747.1 -5.9
90750.0 90747.4 -4.4
90750.0 90747.7 -3.0
90784.0 90752.6 15.5
90771.0 90755.4 24.7
90727.0 90751.9 10.0
90746.0 90751.3 6.8
90765.0 90753.3 13.7
90767.0 90755.4 20.6
90743.0 90754.1 14.0
90758.0 90754.8 15.9
90729.0 90751.6 2.6
90749.0 90751.3 1.3
90752.0 90751.4 1.6
90748.0 90750.9 -0.1
90768.0 90753.3 8.6
90738.0 90751.3 0.7
90748.0 90750.9 -1.0
90740.0 90749.4 -6.5
90731.0 90746.7 -15.8
90744.0 90746.1 -17.0
90751.0 90746.5 -14.4
90766.0 90748.9 -4.3
90766.0 90751.2 4.5
90767.0 90753.4 12.5
90758.0 90754.3 14.7
90758.0 90755.0 16.4
90772.0 90757.7 24.9
90796.0 90763.4 44.1
90758.0 90763.4 40.9
90734.0 90760.0 25.6
90756.0 90759.9 23.3
90744.0 90758.1 14.9
90769.0 90759.9 20.3
90757.0 90759.8 18.6
90748.0 90758.5 12.4
90778.0 90761.4 22.2
90752.0 90760.5 17.1
90779.0 90763.4 26.4
90764.0 90763.9 26.4
90733.0 90760.1 10.4
90753.0 90759.3 6.7
90753.0 90758.6 3.4
90760.0 90758.8 4.1
90737.0 90755.9 -7.0
90753.0 90755.4 -8.4
90760.0 90755.9 -6.0
90742.0 90753.9 -13.0
90751.0 90753.2 -14.3
90762.0 90754.2 -9.7
90750.0 90753.4 -11.7
90767.0 90755.1 -4.7
90780.0 90758.5 8.0
90756.0 90758.3 6.7
90740.0 90755.9 -2.7
90769.0 90757.6 4.1
90763.0 90758.4 6.8
90753.0 90757.8 3.9
90759.0 90758.0 4.5
90754.0 90757.6 2.4
90764.0 90758.5 5.7
90755.0 90758.1 3.8
90736.0 90755.1 -7.4
90757.0 90755.3 -6.4
90754.0 90755.0 -7.0
90744.0 90753.3 -12.5
90758.0 90753.8 -10.0
90735.0 90751.0 -19.5
90762.0 90752.2 -13.7
90740.0 90750.3 -19.7
90771.0 90752.8 -9.0
90764.0 90754.2 -3.2
90769.0 90756.2 4.4
90742.0 90754.3 -2.8
90733.0 90751.3 -13.6
90766.0 90753.1 -6.0
90761.0 90754.1 -1.9
90751.0 90753.6 -3.5
90747.0 90752.6 -6.8
90775.0 90755.6 4.6
90762.0 90756.6 7.8
90722.0 90752.0 -9.8
90769.0 90754.1 -1.1
90756.0 90754.4 -0.1
90767.0 90756.1 6.3
90761.0 90756.9 8.7
90739.0 90754.6 -0.4
90756.0 90754.8 0.3
90750.0 90754.1 -2.1
90756.0 90754.3 -1.2
90761.0 90755.2 2.2
90756.0 90755.4 2.6
90749.0 90754.6 -0.7
90756.0 90754.7 0.1
90751.0 90754.2 -1.8
90758.0 90754.7 0.1
90755.0 90754.8 0.3
90740.0 90752.7 -7.2
90746.0 90751.7 -10.6
90785.0 90756.1 6.5
90750.0 90755.4 3.3
90746.0 90754.1 -1.5
90732.0 90751.1 -12.7
90755.0 90751.4 -10.6
90738.0 90749.4 -17.3
90745.0 90748.5 -19.3
90771.0 90751.2 -7.7
90759.0 90752.2 -3.6
90773.0 90755.0 7.0
90768.0 90756.9 13.6
90761.0 90757.7 15.5
90751.0 90757.0 12.0
90761.0 90757.8 13.9
90760.0 90758.3 14.8
90775.0 90760.9 23.2
90749.0 90759.6 16.9
90733.0 90756.3 3.2
90754.0 90756.0 2.0
90744.0 90754.4 -4.1
90746.0 90753.2 -8.4
90749.0 90752.5 -10.4
90754.0 90752.5 -9.5
90727.0 90748.8 -22.4
90775.0 90752.0 -8.8
90768.0 90754.1 -0.6
90761.0 90755.0 2.9
90773.0 90757.5 12.0
90742.0 90755.6 4.0
90747.0 90754.5 -0.4
90737.0 90752.1 -9.3
90772.0 90754.7 0.9
90757.0 90755.0 2.1
90737.0 90752.6 -7.1
90728.0 90749.1 -19.5
90766.0 90751.0 -10.7
90747.0 90750.3 -12.6
90759.0 90751.3 -8.1
90745.0 90750.3 -11.2
90755.0 90750.7 -8.7
90729.0 90747.6 -19.6
90762.0 90749.2 -12.1
90765.0 90751.2 -3.9
90733.0 90748.6 -13.2
90764.0 90750.5 -5.2
90727.0 90747.2 -17.1
90721.0 90743.3 -30.3
90742.0 90742.6 -30.6
90758.0 90744.2 -22.5
90731.0 90742.0 -28.9
90766.0 90744.8 -16.4
90771.0 90748.1 -2.9
90751.0 90748.5 -1.4
90748.0 90748.4 -1.6
90737.0 90746.8 -7.4
90737.0 90745.3 -12.3
90736.0 90743.8 -16.9
90743.0 90743.4 -17.2
90737.0 90742.2 -20.2
90737.0 90741.2 -22.7
90767.0 90744.3 -9.3
90777.0 90748.7 7.4
90767.0 90751.3 16.6
90749.0 90751.3 15.3
90746.0 90750.8 12.5
90756.0 90751.8 15.0
90756.0 90752.6 17.0
90742.0 90751.4 11.4
90760.0 90752.8 15.7
90737.0 90750.9 7.5
90722.0 90747.1 -7.3
90751.0 90747.5 -5.2
90732.0 90745.2 -13.1
90746.0 90745.1 -12.5
90756.0 90746.4 -6.9
90745.0 90746.1 -7.5
90739.0 90745.0 -11.1
90755.0 90746.2 -5.9
90745.0 90745.9 -6.4
90753.0 90746.8 -2.8
90754.0 90747.7 0.9
90760.0 90749.4 7.2
90775.0 90753.1 20.1
90748.0 90752.7 17.3
90754.0 90753.2 17.8
90749.0 90752.9 15.5
90738.0 90751.1 7.7
90759.0 90752.4 11.6
90767.0 90754.6 19.0
90757.0 90755.2 20.0
90739.0 90753.4 11.5
90754.0 90753.6 11.7
90746.0 90752.8 7.7
90775.0 90756.0 19.0
90733.0 90753.1 7.1
90740.0 90751.5 0.3
90777.0 90755.0 13.3
90755.0 90755.2 13.2
90761.0 90756.2 16.0
90742.0 90754.6 8.6
90753.0 90754.5 7.7
90740.0 90752.6 0.2
90773.0 90755.4 10.6
90750.0 90754.9 7.7
90713.0 90749.2 -13.7
90747.0 90748.7 -14.7
90747.0 90748.2 -15.4
90761.0 90749.7 -8.7
90785.0 90754.4 9.3
90758.0 90755.1 11.1
90753.0 90755.0 9.9
90775.0 90757.9 20.0
90769.0 90759.8 25.4
90758.0 90760.0 24.3
90746.0 90758.5 16.9
90741.0 90756.4 7.9
90756.0 90756.4 7.6
90739.0 90754.2 -1.3
90747.0 90753.2 -5.0
90743.0 90751.7 -10.1
90755.0 90752.0 -8.3
90768.0 90754.0 -0.0
90756.0 90754.3 1.0
90774.0 90757.0 11.0
90762.0 90757.9 13.4
90733.0 90754.7 0.6
90764.0 90756.0 5.3
90748.0 90755.0 1.2
90744.0 90753.5 -4.4
90755.0 90753.6 -3.6
90770.0 90755.8 4.8
90783.0 90759.6 18.6
90798.0 90765.2 37.9
90816.0 90772.9 63.3
90792.0 90776.6 72.4
90799.0 90780.9 83.1
90800.0 90785.0 91.9
90806.0 90789.5 101.7
90810.0 90794.0 111.1
90818.0 90799.2 122.2
90830.0 90805.6 136.6
90808.0 90808.3 136.4
90826.0 90813.1 144.0
90816.0 90816.0 144.0
90857.0 90824.1 163.5
90815.0 90825.7 157.2
90846.0 90831.2 165.9
90831.0 90834.0 164.2
90825.0 90835.6 157.9
90856.0 90841.1 166.7
90874.0 90848.5 181.7
90882.0 90856.3 196.9
90860.0 90860.2 196.8
90851.0 90862.3 190.1
90877.0 90867.6 195.6
90857.0 90869.5 188.3
90857.0 90871.0 180.0
90866.0 90873.5 175.6
90873.0 90876.4 173.5
90889.0 90881.1 178.2
90872.0 90883.0 171.7
90898.0 90888.0 177.6
90887.0 90890.9 175.3
90868.0 90890.8 161.9
90899.0 90894.7 164.4
90897.0 90897.9 163.9
90886.0 90899.1 156.2
90902.0 90902.2 156.1
90878.0 90901.5 142.2
90894.0 90902.9 137.0
90886.0 90903.0 126.9
90886.0 90902.8 117.0
90899.0 90904.3 113.9
90908.0 90906.8 114.6
90893.0 90906.9 106.4
90877.0 90904.6 90.1
90926.0 90909.1 100.1
90922.0 90912.6 105.6
90900.0 90912.7 98.2
90909.0 90913.9 95.3
90921.0 90916.5 97.9
90942.0 90921.7 109.9
90938.0 90925.8 117.1
90890.0 90922.9 97.7
90924.0 90924.8 97.2
90898.0 90922.8 82.6
90896.0 90920.5 68.2
90902.0 90919.1 58.1
90904.0 90918.1 49.8
90926.0 90920.0 53.3
90919.0 90920.8 52.2
90919.0 90921.4 50.8
90908.0 90920.5 43.4
90902.0 90918.7 33.6
90937.0 90921.8 42.6
90936.0 90924.5 49.4
90921.0 90924.8 47.1
90918.0 90924.7 43.2
90883.0 90919.7 21.5
90894.0 90916.6 8.2
90919.0 90917.0 9.4
90918.0 90917.3 9.8
90904.0 90915.7 2.9
90926.0 90917.1 8.1
90904.0 90915.5 1.3
90909.0 90914.6 -2.0
90883.0 90910.2 -18.0
90896.0 90908.0 -25.1
90910.0 90907.8 -23.8
90887.0 90904.5 -34.1
90917.0 90905.7 -27.4
90902.0 90904.7 -29.0
90905.0 90904.2 -28.5
90914.0 90905.1 -23.3
90902.0 90904.3 -24.6
90896.0 90902.7 -28.6
90891.0 90900.6 -34.2
90884.0 90897.7 -42.3
90886.0 90895.4 -47.9
90895.0 90894.5 -47.6
90908.0 90895.5 -40.2
90870.0 90891.3 -52.8
90886.0 90889.7 -55.0
90871.0 90886.2 -63.9
90911.0 90888.5 -50.6
90904.0 90889.7 -42.2
90895.0 90889.7 -39.1
90890.0 90889.1 -38.6
90888.0 90888.3 -38.7
90864.0 90884.3 -50.7
90884.0 90883.4 -50.3
90876.0 90881.5 -53.5
90878.0 90880.1 -54.7
90893.0 90880.9 -47.6
90874.0 90879.1 -50.6
90855.0 90874.9 -62.4
90870.0 90873.2 -64.3
90866.0 90871.1 -67.3
90848.0 90866.7 -78.3
90851.0 90863.2 -85.5
90859.0 90861.2 -86.8
90842.0 90857.0 -95.7
90855.0 90855.1 -95.7
90818.0 90848.3 -113.6
90805.0 90840.4 -134.5
90814.0 90834.5 -146.6
90834.0 90831.9 -145.3
90816.0 90827.2 -151.9
90827.0 90824.5 -150.5
90817.0 90820.9 -152.8
90845.0 90821.6 -139.0
90784.0 90814.0 -156.7
90795.0 90808.7 -164.8
90797.0 90804.2 -169.0
90791.0 90799.5 -174.1
90807.0 90797.5 -168.5
90788.0 90793.3 -171.6
90774.0 90787.7 -179.7
90777.0 90783.1 -183.3
90782.0 90779.8 -182.0
90777.0 90776.3 -181.6
90783.0 90774.1 -176.3
90786.0 90772.7 -168.5
90774.0 90770.0 -166.1
90779.0 90768.3 -159.8
90762.0 90764.7 -161.4
90781.0 90764.2 -151.5
90778.0 90763.5 -142.9
90787.0 90764.2 -129.5
90764.0 90762.0 -128.3
90760.0 90759.5 -128.0
90754.0 90756.5 -129.5
90756.0 90754.2 -128.4
90759.0 90752.7 -124.7
90756.0 90751.0 -121.7
90728.0 90745.7 -132.1
90764.0 90746.0 -121.5
90750.0 90744.4 -118.2
90753.0 90743.6 -112.6
90763.0 90744.3 -101.6
90742.0 90742.2 -101.7
90732.0 90739.1 -105.9
90754.0 90739.3 -97.2
90758.0 90740.2 -86.7
90760.0 90741.4 -75.8
90726.0 90738.0 -82.8
90746.0 90737.7 -77.9
90758.0 90739.1 -66.8
90771.0 90742.4 -49.9
90766.0 90744.7 -37.3
90748.0 90744.5 -35.3
90766.0 90746.9 -24.0
90765.0 90749.0 -14.6
90742.0 90747.8 -18.0
90756.0 90748.6 -13.6
90754.0 90749.1 -10.7
90755.0 90749.7 -7.6
90764.0 90751.6 -0.2
90744.0 90750.5 -4.1
90757.0 90751.3 -0.7
90771.0 90754.0 9.3
90768.0 90756.1 16.3
90753.0 90756.0 14.5
90773.0 90758.6 23.1
90777.0 90761.5 32.2
90762.0 90762.1 32.1
90775.0 90764.4 38.4
90795.0 90769.3 53.5
90792.0 90773.4 64.5
90794.0 90777.3 74.4
90769.0 90777.4 69.4
90788.0 90780.1 74.1
90788.0 90782.5 77.3
90783.0 90783.9 76.8
90792.0 90786.3 80.2
90775.0 90786.1 73.6
90816.0 90791.5 88.0
90814.0 90796.1 98.6
90800.0 90798.4 99.5
90812.0 90802.0 105.5
90805.0 90804.2 105.9
90828.0 90809.3 117.0
90810.0 90811.4 116.1
90817.0 90814.2 117.8
90828.0 90818.1 123.6
90833.0 90822.3 130.0
90807.0 90822.4 120.9
90827.0 90825.1 121.9
90840.0 90829.3 128.3
90841.0 90833.1 132.9
90836.0 90835.8 133.0
90808.0 90834.3 117.5
90815.0 90833.7 106.5
90836.0 90835.8 106.6
90822.0 90835.8 98.5
90825.0 90836.0 92.0
90857.0 90840.5 101.8
90818.0 90839.1 89.3
90825.0 90838.7 81.2
90845.0 90841.0 83.6
90838.0 90842.0 81.2
90867.0 90846.9 93.1
90838.0 90847.2 87.6
90848.0 90848.9 87.1
90838.0 90848.9 80.7
90830.0 90847.7 70.3
90856.0 90850.0 73.8
90871.0 90854.2 83.7
90847.0 90854.6 79.2
90836.0 90853.4 69.0
90840.0 90852.8 61.4
90855.0 90854.1 61.9
90837.0 90852.9 52.6
90874.0 90856.7 62.8
90876.0 90860.4 72.0
90830.0 90857.5 55.8
90850.0 90857.4 51.4
90891.0 90862.9 68.0
90867.0 90864.6 69.4
90827.0 90860.7 49.5
90843.0 90859.1 40.0
90865.0 90860.6 42.6
90826.0 90856.6 24.6
90825.0 90852.6 8.3
90846.0 90851.9 4.8
90854.0 90852.2 5.8
90830.0 90849.3 -5.5
90868.0 90851.8 4.0
90847.0 90851.2 1.6
90843.0 90850.1 -2.6
90854.0 90850.6 -0.6
90864.0 90852.4 6.3
90849.0 90852.1 4.5
90851.0 90852.0 3.9
90863.0 90853.6 9.4
90870.0 90856.0 17.7
90857.0 90856.4 18.0
90844.0 90855.0 11.5
90845.0 90853.9 6.3
90817.0 90848.9 -12.5
90838.0 90847.2 -17.9
90856.0 90848.1 -13.3
90849.0 90848.0 -12.7
90833.0 90845.7 -20.2
90814.0 90841.0 -36.1
90863.0 90843.4 -24.5
90839.0 90842.4 -26.5
90866.0 90845.2 -14.2
90853.0 90846.0 -10.1
90843.0 90845.4 -11.5
90847.0 90845.4 -10.6
90827.0 90842.7 -19.9
90824.0 90839.8 -29.2
90845.0 90840.0 -26.2
90853.0 90841.3 -19.4
90815.0 90837.4 -32.6
90850.0 90838.6 -25.8
90821.0 90835.7 -34.5
90836.0 90835.1 -34.0
90822.0 90832.8 -40.3
90832.0 90832.0 -40.3
90830.0 90831.0 -40.9
90851.0 90833.0 -30.3
90831.0 90832.2 -31.0
90830.0 90831.4 -31.8
90822.0 90829.6 -36.3
90848.0 90831.5 -26.5
90820.0 90829.4 -32.1
90805.0 90825.5 -44.2
90823.0 90824.4 -45.0
90835.0 90825.1 -39.2
90839.0 90826.3 -31.7
90785.0 90820.1 -52.4
90808.0 90817.5 -58.0
90850.0 90821.0 -40.9
90824.0 90820.7 -39.0
90832.0 90821.6 -32.8
90840.0 90823.5 -23.1
90823.0 90823.1 -23.2
90823.0 90822.7 -23.0
90812.0 90820.8 -28.2
90816.0 90819.6 -30.3
90846.0 90822.8 -16.6
90822.0 90822.4 -16.8
90824.0 90822.3 -15.8
90814.0 90820.9 -19.9
90814.0 90819.6 -23.2
90810.0 90817.9 -27.8
90825.0 90818.4 -23.9
90817.0 90817.8 -24.4
90827.0 90818.6 -19.4
90851.0 90822.8 -2.8
90812.0 90821.2 -8.2
90794.0 90817.3 -22.0
90811.0 90816.1 -25.0
90813.0 90815.2 -26.3
90820.0 90815.4 -23.6
90809.0 90814.1 -26.7
90816.0 90813.9 -25.4
90821.0 90814.5 -21.6
90795.0 90811.4 -31.3
90821.0 90812.2 -26.1
90825.0 90813.5 -19.3
90814.0 90813.2 -18.9
90816.0 90813.3 -17.3
90809.0 90812.4 -19.3
90826.0 90814.0 -12.2
90821.0 90814.7 -8.5
90800.0 90812.5 -15.9
90821.0 90813.4 -11.4
90813.0 90813.2 -11.5
90818.0 90813.6 -9.0
90814.0 90813.5 -8.7
90804.0 90812.1 -13.4
90817.0 90812.5 -10.8
90820.0 90813.4 -6.9
90810.0 90812.8 -8.5
90826.0 90814.4 -1.7
90824.0 90815.7 3.2
90834.0 90818.3 12.4
90821.0 90818.9 13.7
90824.0 90819.8 16.1
90824.0 90820.7 18.1
90807.0 90819.1 11.0
90833.0 90821.2 17.9
90825.0 90822.0 19.7
90831.0 90823.6 24.0
90808.0 90821.9 15.8
90818.0 90821.6 13.7
90833.0 90823.4 19.3
90818.0 90823.0 16.4
90828.0 90824.0 18.8
90830.0 90825.1 21.6
90831.0 90826.3 24.4
90806.0 90823.9 13.8
90808.0 90822.0 5.6
90803.0 90819.5 -4.1
90817.0 90819.1 -5.4
90822.0 90819.4 -3.8
90806.0 90817.5 -10.6
90832.0 90819.3 -3.1
90806.0 90817.4 -9.8
90806.0 90815.7 -15.5
90817.0 90815.6 -14.6
90836.0 90818.1 -4.1
90841.0 90821.2 7.6
90796.0 90817.9 -5.3
90836.0 90820.3 3.9
90824.0 90820.8 5.8
90810.0 90819.5 0.2
90820.0 90819.5 0.5
90819.0 90819.5 0.2
90816.0 90819.0 -1.5
90835.0 90821.2 6.6
90816.0 90820.6 3.9
90805.0 90818.5 -4.0
90820.0 90818.6 -3.2
90809.0 90817.3 -8.1
90825.0 90818.2 -4.1
90794.0 90814.8 -16.4
90809.0 90813.7 -19.1
90840.0 90817.0 -5.6
90799.0 90814.4 -14.7
90789.0 90810.7 -27.5
90824.0 90812.0 -20.4
90831.0 90814.3 -10.5
90851.0 90819.2 8.2
90830.0 90820.8 13.7
90832.0 90822.6 19.2
90830.0 90823.9 22.8
90832.0 90825.4 26.7
90821.0 90825.3 24.2
90813.0 90824.0 17.7
90803.0 90821.4 6.8
90836.0 90823.5 14.2
90845.0 90826.7 25.0
90826.0 90827.1 24.3
90808.0 90824.9 14.4
90829.0 90825.7 16.4
90851.0 90829.4 29.1
90828.0 90829.7 28.1
90792.0 90825.0 8.6
90846.0 90828.1 19.1
90810.0 90825.9 9.8
90827.0 90826.2 10.2
90812.0 90824.5 2.9
90820.0 90823.9 0.6
90834.0 90825.3 5.7
90823.0 90825.1 4.5
90827.0 90825.4 5.4
90810.0 90823.4 -2.5
90827.0 90823.8 -0.6
90843.0 90826.5 9.1
90826.0 90826.6 8.8
90836.0 90828.0 13.5
90839.0 90829.8 19.0
90825.0 90829.4 16.3
90831.0 90829.9 17.0
90836.0 90831.1 19.9
90821.0 90830.0 14.6
90804.0 90826.7 1.2
90807.0 90824.0 -8.8
90847.0 90827.0 2.9
90814.0 90825.3 -3.7
90815.0 90823.8 -8.9
90815.0 90822.4 -13.3
90816.0 90821.3 -16.4
90800.0 90818.1 -27.1
90821.0 90818.0 -25.3
90834.0 90819.8 -17.0
90811.0 90818.3 -21.3
90812.0 90817.1 -24.3
90832.0 90818.7 -16.4
90845.0 90822.0 -2.9
90803.0 90819.4 -12.5
90831.0 90820.8 -6.5
90825.0 90821.2 -4.3
90820.0 90821.0 -4.9
90807.0 90819.0 -11.9
90807.0 90817.1 -17.9
90821.0 90817.3 -15.7
90830.0 90818.8 -9.1
90839.0 90821.4 1.2
90793.0 90817.5 -13.2
90822.0 90817.9 -10.8
90822.0 90818.3 -8.7
90820.0 90818.4 -7.7
90805.0 90816.4 -14.4
90808.0 90815.0 -18.6
90824.0 90815.9 -13.8
90819.0 90816.1 -12.1
90833.0 90818.2 -3.4
90810.0 90817.0 -7.5
90821.0 90817.4 -5.5
90832.0 90819.4 2.0
90830.0 90820.9 7.4
90830.0 90822.2 12.0
90822.0 90822.4 11.7
90838.0 90824.8 19.5
90836.0 90826.6 25.1
90823.0 90826.6 23.0
90834.0 90828.0 26.5
90837.0 90829.7 30.8
90824.0 90829.4 27.6
90830.0 90830.0 27.6
90843.0 90832.3 33.9
90838.0 90833.6 36.5
90818.0 90832.1 28.2
90825.0 90831.6 24.3
90820.0 90830.4 18.1
90828.0 90830.4 16.7
90860.0 90834.8 31.6
90845.0 90836.7 36.5
90830.0 90836.4 32.7
90827.0 90835.7 27.5
90809.0 90832.5 13.7
90819.0 90830.9 6.7
90827.0 90830.5 4.6
90831.0 90830.6 4.9
90847.0 90832.9 13.1
90842.0 90834.4 17.6
90839.0 90835.4 19.8
90819.0 90833.4 11.2
90826.0 90832.6 7.3
90829.0 90832.2 5.4
90808.0 90829.0 -7.0
90812.0 90826.5 -15.5
90824.0 90825.9 -16.7
90831.0 90826.3 -13.9
90821.0 90825.4 -16.5
90810.0 90823.0 -24.1
90805.0 90820.1 -33.0
90832.0 90821.1 -26.6
90833.0 90822.3 -20.3
90840.0 90824.4 -11.1
90823.0 90824.0 -11.7
90818.0 90823.0 -14.7
90809.0 90820.8 -21.6
90823.0 90820.7 -20.3
90812.0 90819.2 -24.5
90808.0 90817.2 -30.0
90833.0 90818.9 -21.6
90838.0 90821.1 -11.7
90824.0 90821.3 -10.1
90813.0 90820.0 -14.2
90823.0 90820.2 -12.6
90813.0 90819.0 -16.1
90863.0 90824.8 6.5
90819.0 90824.1 3.5
90832.0 90825.2 7.5
90832.0 90826.3 10.9
90821.0 90825.7 8.1
90803.0 90822.8 -3.6
90809.0 90820.8 -10.6
90823.0 90820.9 -9.3
90812.0 90819.5 -13.8
90805.0 90817.3 -21.0
90829.0 90818.5 -14.9
90829.0 90819.7 -9.4
90838.0 90822.1 0.0
90841.0 90824.7 9.6
90813.0 90823.2 3.6
90810.0 90821.5 -3.2
90825.0 90821.9 -1.3
90817.0 90821.2 -3.8
90821.0 90821.1 -3.9
90808.0 90819.2 -10.5
90827.0 90820.1 -6.5
90841.0 90822.9 4.2
90855.0 90827.4 20.5
90833.0 90828.5 23.2
90832.0 90829.4 24.7
90848.0 90832.4 33.9
90823.0 90831.7 28.8
90834.0 90832.5 29.7
90845.0 90834.7 35.8
90819.0 90833.2 27.4
90840.0 90834.6 30.6
90797.0 90829.9 11.2
90818.0 90828.5 5.0
90820.0 90827.4 0.6
90836.0 90828.6 5.0
90824.0 90828.1 2.6
90852.0 90831.4 14.7
90817.0 90829.7 7.2
90836.0 90830.7 10.4
90829.0 90830.6 9.4
90792.0 90825.5 -10.3
90807.0 90822.8 -19.6
90828.0 90823.1 -16.7
90838.0 90824.9 -9.0
90826.0 90824.9 -8.4
90823.0 90824.5 -9.3
90829.0 90825.0 -6.9
90831.0 90825.7 -3.7
90814.0 90824.0 -9.6
90817.0 90822.9 -13.1
90803.0 90819.9 -23.0
90827.0 90820.5 -19.2
90812.0 90819.0 -23.3
90818.0 90818.4 -23.6
90806.0 90816.3 -29.7
90806.0 90814.4 -34.6
90814.0 90813.7 -34.5
90825.0 90814.7 -28.4
90840.0 90817.7 -15.2
90823.0 90818.2 -12.4
90815.0 90817.5 -13.9
90812.0 90816.5 -16.5
90823.0 90817.1 -13.1
90843.0 90820.5 0.2
90834.0 90822.3 7.1
90823.0 90822.5 7.4
90816.0 90821.8 4.0
90836.0 90823.8 11.2
90818.0 90823.2 8.1
90837.0 90825.2 15.1
90814.0 90823.9 9.2
90800.0 90820.8 -3.1
90827.0 90821.6 0.1
90828.0 90822.5 3.4
90853.0 90826.8 18.8
90812.0 90825.0 11.2
90827.0 90825.5 12.0
90819.0 90824.8 8.6
90803.0 90822.0 -2.6
90827.0 90822.6 0.0
90822.0 90822.5 -0.3
90826.0 90823.0 1.5
90831.0 90824.1 5.5
90809.0 90822.1 -2.2
90829.0 90823.0 1.3
90835.0 90824.7 7.3
90805.0 90822.1 -2.8
90830.0 90823.2 1.3
90832.0 90824.4 5.8
90827.0 90824.9 7.0
90808.0 90822.7 -1.6
90829.0 90823.5 1.6
90840.0 90825.8 10.0
90823.0 90825.6 8.5
90822.0 90825.2 6.5
90785.0 90819.8 -14.0
90845.0 90823.0 -1.1
90821.0 90822.7 -2.1
90834.0 90824.3 3.7
90830.0 90825.1 6.5
90816.0 90824.0 1.8
90802.0 90821.0 -9.4
90795.0 90817.2 -22.5
90806.0 90815.3 -28.0
90820.0 90815.5 -25.3
90815.0 90815.0 -25.3
90803.0 90812.9 -31.1
90799.0 90810.4 -37.8
90815.0 90810.4 -35.1
90837.0 90813.5 -21.3
90840.0 90816.8 -7.5
90803.0 90814.7 -14.5
90832.0 90816.9 -5.5
90816.0 90816.6 -5.9
90826.0 90817.8 -1.1
90823.0 90818.5 1.5
90808.0 90817.1 -3.8
90805.0 90815.4 -9.9
90820.0 90815.8 -7.5
90797.0 90813.1 -17.0
90816.0 90813.2 -15.4
90836.0 90816.1 -3.6
90831.0 90818.1 4.0
90832.0 90820.1 11.1
90822.0 90820.5 11.9
90818.0 90820.4 10.5
90805.0 90818.4 2.6
90833.0 90820.5 10.0
90823.0 90821.0 11.1
90816.0 90820.5 8.5
90822.0 90820.9 9.1
90812.0 90819.8 4.5
90816.0 90819.4 2.5
90837.0 90821.8 11.5
90825.0 90822.5 13.0
90774.0 90816.0 -11.8
90821.0 90816.5 -9.2
90813.0 90815.9 -10.8
90808.0 90814.6 -14.7
90801.0 90812.5 -21.5
90821.0 90813.3 -16.9
90809.0 90812.4 -18.9
90805.0 90811.1 -22.5
90818.0 90811.6 -18.8
90843.0 90815.6 -2.6
