KF3 log
z Pzz v Pvv abias Pbb
90741.0 92.3 0.0 436.0 0.0 400.0
90741.4 52.3 0.1 471.9 -0.0 400.0
90741.3 36.6 -0.1 507.2 0.0 400.0
90742.4 28.4 0.5 541.4 -0.0 400.0
90740.8 23.6 -1.2 573.7 0.1 400.0
90741.1 20.5 -0.7 603.3 0.0 400.0
90740.3 18.5 -2.0 629.6 0.1 399.9
90738.4 17.2 -6.2 651.8 0.4 399.9
90740.0 16.5 -1.1 669.2 0.1 399.7
90741.9 16.1 5.0 681.6 -0.5 399.5
90746.6 16.0 21.0 688.6 -2.0 399.3
90745.3 16.1 12.3 690.5 -1.3 399.0
90744.9 16.3 11.1 687.7 -1.1 398.6
90745.6 16.6 12.5 680.8 -1.2 398.1
90743.9 16.9 3.8 670.5 -0.3 397.5
90744.7 17.2 6.7 657.8 -0.7 396.8
90748.9 17.4 24.2 643.5 -2.8 396.0
90749.6 17.6 25.0 628.4 -2.9 395.2
90748.6 17.8 18.5 613.1 -2.1 394.3
90748.7 17.9 17.2 598.2 -1.9 393.4
90749.2 18.0 17.6 584.0 -2.0 392.4
90751.4 18.0 25.2 570.9 -3.1 391.3
90749.7 18.0 16.2 559.0 -1.8 390.2
90749.1 18.0 12.4 548.4 -1.2 389.1
90748.4 17.9 8.6 539.0 -0.7 387.9
90748.2 17.9 6.9 530.9 -0.4 386.8
90749.6 17.8 11.8 524.0 -1.2 385.5
90747.7 17.7 3.3 518.1 0.2 384.3
90749.4 17.6 9.6 513.2 -0.9 383.0
90747.3 17.6 0.7 509.2 0.6 381.8
90747.6 17.5 1.5 505.9 0.4 380.4
90746.8 17.4 -1.7 503.3 1.0 379.1
90747.4 17.3 0.5 501.2 0.6 377.7
90746.5 17.3 -3.1 499.6 1.2 376.4
90746.9 17.2 -1.3 498.4 0.8 375.0
90746.3 17.2 -3.5 497.5 1.2 373.6
90745.6 17.1 -5.9 496.8 1.6 372.1
90743.3 17.1 -14.5 496.3 3.2 370.7
90744.2 17.1 -10.4 495.9 2.4 369.3
90742.8 17.0 -14.8 495.7 3.2 367.8
90739.6 17.0 -26.0 495.5 5.3 366.3
90741.3 17.0 -17.7 495.4 3.7 364.9
90741.6 17.0 -15.7 495.3 3.3 363.4
90743.3 17.0 -8.0 495.2 1.8 361.9
90739.6 17.0 -21.6 495.1 4.4 360.5
90743.4 16.9 -5.8 495.0 1.3 359.0
90744.0 16.9 -3.4 494.9 0.8 357.5
90743.2 16.9 -6.2 494.8 1.3 356.0
90745.2 16.9 1.7 494.6 -0.2 354.6
90747.3 16.9 9.6 494.5 -1.7 353.1
90743.0 16.9 -7.4 494.3 1.5 351.7
90745.6 16.9 2.7 494.2 -0.5 350.3
90744.8 16.9 -0.4 494.0 0.1 348.8
90745.8 16.9 3.4 493.8 -0.6 347.4
90744.9 16.9 -0.4 493.6 0.1 346.0
90747.2 16.9 8.1 493.4 -1.5 344.7
90747.6 16.9 8.9 493.2 -1.7 343.3
90750.5 16.9 19.1 493.0 -3.6 341.9
90752.0 16.9 23.5 492.8 -4.4 340.6
90749.9 16.9 13.6 492.6 -2.6 339.2
90750.3 16.9 14.0 492.4 -2.7 337.9
90753.6 16.9 25.5 492.3 -4.7 336.6
90752.5 16.9 19.5 492.1 -3.7 335.3
90751.9 16.9 15.9 491.9 -3.0 334.1
90751.9 16.9 14.6 491.8 -2.8 332.8
90751.1 16.9 10.2 491.6 -2.0 331.5
90751.5 16.9 11.1 491.5 -2.2 330.3
90750.9 16.9 8.0 491.3 -1.6 329.1
90750.1 16.9 4.2 491.2 -1.0 327.8
90749.4 16.9 1.4 491.1 -0.5 326.6
90748.4 16.9 -2.6 490.9 0.2 325.4
90748.5 16.9 -2.3 490.8 0.1 324.3
90748.1 16.9 -3.8 490.7 0.4 323.1
90746.3 16.9 -10.2 490.6 1.5 321.9
90746.9 16.9 -7.2 490.5 0.9 320.8
90747.2 16.9 -5.6 490.4 0.6 319.6
90747.5 16.9 -4.2 490.3 0.4 318.5
90752.6 16.9 15.2 490.2 -2.9 317.4
90755.4 16.9 24.8 490.2 -4.5 316.2
90751.9 16.9 9.4 490.1 -2.0 315.1
90751.2 16.9 6.1 490.0 -1.4 314.0
90753.2 16.9 13.4 489.9 -2.6 313.0
90755.4 16.9 20.5 489.8 -3.8 311.9
90754.0 16.9 13.7 489.8 -2.7 310.8
90754.8 16.9 15.6 489.7 -3.0 309.7
90751.5 16.9 1.7 489.6 -0.7 308.7
90751.1 16.9 0.3 489.6 -0.5 307.6
90751.3 16.9 0.7 489.5 -0.6 306.6
90750.8 16.9 -1.1 489.4 -0.3 305.6
90753.2 16.9 8.0 489.4 -1.8 304.5
90751.2 16.9 -0.3 489.3 -0.5 303.5
90750.8 16.9 -2.0 489.2 -0.2 302.5
90749.2 16.9 -7.8 489.2 0.7 301.5
90746.5 16.9 -17.5 489.1 2.2 300.5
90745.9 16.9 -18.7 489.0 2.4 299.5
90746.3 16.8 -15.9 489.0 2.0 298.5
90748.8 16.8 -5.4 488.9 0.3 297.5
90751.1 16.8 3.7 488.8 -1.2 296.6
90753.4 16.8 12.0 488.8 -2.5 295.6
90754.2 16.8 14.3 488.7 -2.9 294.6
90755.0 16.8 16.1 488.7 -3.2 293.7
90757.7 16.8 24.9 488.6 -4.5 292.7
90763.5 16.8 45.0 488.5 -7.6 291.8
90763.5 16.8 41.6 488.5 -7.1 290.9
90760.1 16.8 25.6 488.4 -4.6 289.9
90759.9 16.8 23.1 488.3 -4.3 289.0
90758.1 16.8 14.3 488.3 -2.9 288.1
90759.9 16.8 20.0 488.2 -3.8 287.2
90759.8 16.8 18.2 488.2 -3.5 286.3
90758.5 16.8 11.8 488.1 -2.5 285.4
90761.4 16.8 21.9 488.0 -4.1 284.5
90760.5 16.8 16.8 488.0 -3.3 283.6
90763.4 16.8 26.3 487.9 -4.8 282.7
90763.9 16.8 26.4 487.9 -4.8 281.8
90760.0 16.8 9.8 487.8 -2.3 280.9
90759.2 16.8 5.9 487.8 -1.7 280.1
90758.4 16.8 2.5 487.7 -1.2 279.2
90758.7 16.8 3.2 487.6 -1.3 278.4
90755.7 16.8 -8.3 487.6 0.4 277.5
90755.2 16.8 -9.8 487.5 0.6 276.7
90755.7 16.8 -7.2 487.5 0.2 275.8
90753.6 16.8 -14.5 487.4 1.2 275.0
90753.0 16.8 -15.8 487.4 1.4 274.1
90754.0 16.8 -11.0 487.3 0.7 273.3
90753.3 16.8 -13.1 487.2 1.0 272.5
90755.0 16.8 -5.8 487.2 -0.1 271.7
90758.4 16.8 7.3 487.1 -2.0 270.9
90758.2 16.8 6.0 487.1 -1.8 270.1
90755.7 16.8 -3.8 487.0 -0.4 269.3
90757.5 16.8 3.3 487.0 -1.4 268.5
90758.3 16.8 6.1 486.9 -1.8 267.7
90757.7 16.8 3.1 486.9 -1.4 266.9
90757.9 16.8 3.7 486.8 -1.5 266.1
90757.4 16.8 1.5 486.8 -1.2 265.3
90758.4 16.8 4.9 486.7 -1.7 264.5
90758.0 16.8 3.0 486.7 -1.5 263.8
90755.0 16.8 -8.7 486.6 0.2 263.0
90755.1 16.8 -7.7 486.5 0.0 262.2
90754.8 16.8 -8.2 486.5 0.1 261.5
90753.2 16.8 -14.0 486.4 0.9 260.7
90753.6 16.8 -11.3 486.4 0.5 260.0
90750.8 16.8 -21.1 486.3 1.8 259.2
90752.0 16.8 -15.1 486.3 1.0 258.5
90750.1 16.8 -21.4 486.2 1.8 257.8
90752.6 16.8 -10.3 486.2 0.3 257.0
90754.0 16.8 -4.3 486.1 -0.5 256.3
90756.1 16.8 3.6 486.1 -1.6 255.6
90754.2 16.8 -3.9 486.0 -0.6 254.9
90751.1 16.8 -15.2 486.0 0.9 254.2
90752.9 16.8 -7.3 486.0 -0.2 253.4
90753.9 16.8 -3.0 485.9 -0.8 252.7
90753.5 16.8 -4.6 485.9 -0.6 252.0
90752.5 16.8 -8.1 485.8 -0.1 251.3
90755.5 16.8 3.8 485.8 -1.7 250.6
90756.5 16.8 7.1 485.7 -2.2 249.9
90751.8 16.8 -11.2 485.7 0.3 249.3
90754.0 16.8 -2.1 485.6 -1.0 248.6
90754.2 16.8 -1.1 485.6 -1.1 247.9
90756.0 16.8 5.5 485.5 -2.0 247.2
90756.8 16.8 8.0 485.5 -2.3 246.6
90754.4 16.8 -1.5 485.4 -1.1 245.9
90754.6 16.8 -0.7 485.4 -1.2 245.2
90754.0 16.8 -3.2 485.3 -0.9 244.6
90754.2 16.8 -2.2 485.3 -1.0 243.9
90755.1 16.8 1.3 485.3 -1.5 243.2
90755.3 16.8 1.7 485.2 -1.6 242.6
90754.4 16.8 -1.7 485.2 -1.1 242.0
90754.6 16.8 -0.9 485.1 -1.2 241.3
90754.1 16.8 -2.9 485.1 -1.0 240.7
90754.6 16.8 -0.9 485.0 -1.3 240.0
90754.6 16.8 -0.7 485.0 -1.3 239.4
90752.6 16.8 -8.4 485.0 -0.3 238.8
90751.5 16.8 -11.9 484.9 0.1 238.1
90756.0 16.8 5.7 484.9 -2.1 237.5
90755.2 16.8 2.5 484.8 -1.7 236.9
90754.0 16.8 -2.5 484.8 -1.1 236.3
90750.9 16.8 -14.1 484.7 0.4 235.7
90751.2 16.8 -11.9 484.7 0.1 235.1
90749.2 16.8 -18.8 484.7 0.9 234.5
90748.3 16.8 -20.9 484.6 1.2 233.8
90751.1 16.8 -8.9 484.6 -0.4 233.2
90752.0 16.8 -4.7 484.5 -0.9 232.6
90754.9 16.8 6.3 484.5 -2.3 232.1
90756.8 16.8 13.1 484.5 -3.1 231.5
90757.6 16.8 15.1 484.4 -3.4 230.9
90757.0 16.8 11.4 484.4 -2.9 230.3
90757.7 16.8 13.3 484.3 -3.2 229.7
90758.3 16.8 14.4 484.3 -3.3 229.1
90760.9 16.8 23.0 484.3 -4.4 228.6
90759.6 16.8 16.5 484.2 -3.6 228.0
90756.2 16.8 2.3 484.2 -1.8 227.4
90755.9 16.8 1.1 484.1 -1.7 226.8
90754.3 16.8 -5.2 484.1 -0.9 226.3
90753.0 16.8 -9.6 484.1 -0.4 225.7
90752.3 16.8 -11.7 484.0 -0.2 225.2
90752.3 16.8 -10.8 484.0 -0.3 224.6
90748.6 16.8 -24.0 484.0 1.3 224.0
90751.9 16.8 -10.1 483.9 -0.4 223.5
90754.0 16.8 -1.6 483.9 -1.4 222.9
90754.9 16.8 2.0 483.8 -1.9 222.4
90757.5 16.8 11.4 483.8 -3.0 221.9
90755.5 16.8 3.2 483.8 -2.0 221.3
90754.4 16.8 -1.4 483.7 -1.5 220.8
90751.9 16.8 -10.6 483.7 -0.4 220.2
90754.6 16.8 0.0 483.7 -1.7 219.7
90754.9 16.8 1.3 483.6 -1.8 219.2
90752.4 16.8 -8.2 483.6 -0.7 218.7
90748.9 16.8 -21.0 483.6 0.8 218.1
90750.9 16.8 -11.9 483.5 -0.3 217.6
90750.1 16.8 -13.9 483.5 -0.1 217.1
90751.1 16.8 -9.3 483.5 -0.6 216.6
90750.1 16.8 -12.5 483.4 -0.3 216.1
90750.6 16.8 -9.9 483.4 -0.6 215.5
90747.4 16.8 -21.2 483.3 0.7 215.0
90749.1 16.8 -13.5 483.3 -0.2 214.5
90751.1 16.8 -5.1 483.3 -1.2 214.0
90748.5 16.8 -14.6 483.2 -0.1 213.5
90750.4 16.8 -6.3 483.2 -1.0 213.0
90747.0 16.8 -18.6 483.2 0.4 212.5
90743.1 16.8 -32.2 483.1 1.9 212.0
90742.4 16.7 -32.5 483.1 1.9 211.5
90744.0 16.7 -24.0 483.1 1.0 211.0
90741.8 16.7 -30.7 483.0 1.7 210.6
90744.6 16.7 -17.8 483.0 0.2 210.1
90748.0 16.7 -3.9 483.0 -1.4 209.6
90748.3 16.7 -2.3 482.9 -1.5 209.1
90748.3 16.7 -2.6 482.9 -1.5 208.6
90746.6 16.7 -8.5 482.9 -0.9 208.1
90745.1 16.7 -13.5 482.8 -0.3 207.7
90743.6 16.7 -18.2 482.8 0.2 207.2
90743.2 16.7 -18.5 482.8 0.2 206.7
90742.0 16.7 -21.6 482.8 0.6 206.3
90741.0 16.7 -24.2 482.7 0.8 205.8
90744.2 16.7 -10.4 482.7 -0.7 205.3
90748.6 16.7 6.8 482.7 -2.6 204.9
90751.3 16.7 16.4 482.6 -3.7 204.4
90751.2 16.7 15.0 482.6 -3.5 203.9
90750.8 16.7 12.1 482.6 -3.2 203.5
90751.7 16.7 14.6 482.5 -3.5 203.0
90752.6 16.7 16.7 482.5 -3.7 202.6
90751.4 16.7 11.0 482.5 -3.1 202.1
90752.8 16.7 15.4 482.4 -3.6 201.7
90750.8 16.7 7.0 482.4 -2.7 201.2
90746.9 16.7 -8.2 482.4 -1.0 200.8
90747.4 16.7 -6.0 482.4 -1.3 200.4
90745.1 16.7 -14.1 482.3 -0.4 199.9
90745.0 16.7 -13.5 482.3 -0.5 199.5
90746.3 16.7 -7.7 482.3 -1.1 199.0
90746.0 16.7 -8.4 482.2 -1.0 198.6
90744.9 16.7 -12.1 482.2 -0.7 198.2
90746.1 16.7 -6.7 482.2 -1.2 197.7
90745.8 16.7 -7.3 482.1 -1.2 197.3
90746.7 16.7 -3.5 482.1 -1.6 196.9
90747.6 16.7 0.3 482.1 -2.0 196.5
90749.4 16.7 6.7 482.1 -2.7 196.0
90753.1 16.7 20.0 482.0 -4.1 195.6
90752.7 16.7 17.1 482.0 -3.8 195.2
90753.2 16.7 17.6 482.0 -3.8 194.8
90752.9 16.7 15.3 481.9 -3.6 194.4
90751.1 16.7 7.3 481.9 -2.8 194.0
90752.3 16.7 11.3 481.9 -3.2 193.5
90754.6 16.7 18.8 481.9 -4.0 193.1
90755.2 16.7 19.9 481.8 -4.1 192.7
90753.3 16.7 11.2 481.8 -3.2 192.3
90753.6 16.7 11.5 481.8 -3.2 191.9
90752.7 16.7 7.3 481.8 -2.8 191.5
90756.0 16.7 18.9 481.7 -4.0 191.1
90753.1 16.7 6.7 481.7 -2.7 190.7
90751.4 16.7 -0.3 481.7 -2.0 190.3
90754.9 16.7 13.0 481.6 -3.4 189.9
90755.2 16.7 12.9 481.6 -3.4 189.5
90756.2 16.7 15.8 481.6 -3.7 189.1
90754.5 16.7 8.2 481.6 -2.9 188.7
90754.4 16.7 7.4 481.5 -2.8 188.4
90752.5 16.7 -0.2 481.5 -2.0 188.0
90755.4 16.7 10.2 481.5 -3.1 187.6
90754.8 16.7 7.2 481.5 -2.8 187.2
90749.1 16.7 -14.8 481.4 -0.6 186.8
90748.6 16.7 -15.6 481.4 -0.5 186.4
90748.1 16.7 -16.5 481.4 -0.5 186.0
90749.6 16.7 -9.7 481.4 -1.2 185.7
90754.4 16.7 8.6 481.3 -3.0 185.3
90755.0 16.7 10.5 481.3 -3.2 184.9
90754.9 16.7 9.4 481.3 -3.1 184.5
90757.9 16.7 20.1 481.3 -4.1 184.2
90759.8 16.7 25.7 481.2 -4.7 183.8
90760.0 16.7 24.8 481.2 -4.6 183.4
90758.4 16.7 19.5 481.2 -3.8 183.1
90756.3 16.7 14.2 481.2 -2.9 182.7
90756.5 16.7 16.8 481.1 -2.9 182.3
90754.4 16.7 11.7 481.1 -1.9 182.0
90753.5 16.7 16.6 481.1 -1.6 181.6
90752.4 16.7 20.6 481.1 -1.0 181.2
90753.1 16.7 31.8 481.0 -1.1 180.9
90755.7 16.7 52.2 481.0 -1.8 180.5
90756.6 16.7 64.2 481.0 -1.8 180.2
90760.2 16.7 83.5 481.0 -2.6 179.8
90761.9 16.7 95.5 480.9 -2.6 179.5
90759.5 16.7 90.1 480.9 -1.1 179.1
90761.7 16.7 104.0 480.9 -1.2 178.8
90761.5 16.7 109.8 480.9 -0.4 178.4
90761.0 16.7 111.7 480.8 0.6 178.1
90762.1 16.7 116.4 480.8 1.0 177.7
90765.2 16.7 124.8 480.8 0.7 177.4
90769.8 16.7 135.7 480.8 -0.1 177.0
90776.1 16.7 154.1 480.7 -1.3 176.7
90784.3 16.7 177.9 480.7 -3.2 176.3
90788.4 16.7 185.2 480.7 -3.4 176.0
90793.1 16.7 194.4 480.7 -3.7 175.7
90797.4 16.7 203.8 480.7 -3.9 175.3
90802.1 16.7 213.7 480.6 -4.1 175.0
90806.9 16.7 220.1 480.6 -4.3 174.7
90812.2 16.7 223.3 480.6 -4.6 174.3
90818.5 16.7 228.4 480.6 -5.2 174.0
90821.0 16.7 220.9 480.5 -4.5 173.7
90825.5 16.7 220.8 480.5 -4.5 173.3
90828.0 16.7 213.4 480.5 -3.9 173.0
90835.7 16.7 225.6 480.5 -5.1 172.7
90836.7 16.7 207.8 480.5 -3.8 172.4
90841.6 16.7 204.6 480.4 -4.1 172.0
90843.6 16.7 195.4 480.4 -3.4 171.7
90844.4 16.7 182.0 480.4 -2.3 171.4
90849.1 16.7 184.3 480.4 -2.7 171.1
90855.8 16.7 193.1 480.3 -3.7 170.7
90862.8 16.7 202.4 480.3 -4.8 170.4
90865.9 16.7 194.6 480.3 -4.4 170.1
90867.1 16.7 177.3 480.3 -3.5 169.8
90871.6 16.7 172.8 480.3 -3.8 169.5
90872.5 16.7 159.7 480.2 -3.0 169.2
90873.1 16.7 152.2 480.2 -2.1 168.9
90874.7 16.7 151.7 480.2 -1.6 168.5
90877.1 16.7 152.0 480.2 -1.4 168.2
90881.4 16.7 155.2 480.2 -1.8 167.9
90882.7 16.7 143.8 480.1 -1.2 167.6
90887.3 16.7 141.8 480.1 -1.8 167.3
90889.7 16.7 133.0 480.1 -1.6 167.0
90889.0 16.7 118.2 480.1 -0.5 166.7
90892.4 16.7 121.5 480.0 -0.9 166.4
90895.1 16.7 115.6 480.0 -1.0 166.1
90895.9 16.7 99.1 480.0 -0.4 165.8
90898.4 16.7 93.4 480.0 -0.6 165.5
90897.2 16.7 77.0 480.0 0.4 165.2
90898.1 16.7 69.5 479.9 0.7 164.9
90897.6 16.7 57.1 479.9 1.3 164.6
90897.0 16.7 46.0 479.9 1.9 164.3
90898.0 16.7 42.2 479.9 1.8 164.0
90900.1 16.7 44.4 479.9 1.4 163.7
90899.9 16.7 37.0 479.8 1.8 163.4
90897.4 16.7 20.7 479.8 2.9 163.1
90901.7 16.7 32.5 479.8 1.6 162.9
90905.1 16.7 39.9 479.8 0.7 162.6
90905.1 16.7 33.8 479.8 0.9 162.3
90906.2 16.7 30.9 479.7 0.8 162.0
90908.8 16.7 31.1 479.7 0.1 161.7
90913.9 16.7 39.2 479.7 -1.4 161.4
90918.0 16.7 43.7 479.7 -2.4 161.1
90914.8 16.7 23.0 479.7 -1.1 160.9
90916.5 16.7 25.4 479.7 -1.5 160.6
90914.4 16.7 12.6 479.6 -0.6 160.3
90912.0 16.7 1.9 479.6 0.2 160.0
90910.7 16.7 -7.9 479.6 0.7 159.7
90909.6 16.7 -16.8 479.6 0.9 159.5
90911.6 16.7 -13.1 479.6 0.2 159.2
90912.4 16.7 -19.3 479.5 -0.1 158.9
90913.0 16.7 -17.8 479.5 -0.5 158.6
90912.0 16.7 -22.9 479.5 -0.3 158.4
90910.2 16.7 -32.5 479.5 0.2 158.1
90913.4 16.7 -24.9 479.5 -1.1 157.8
90916.1 16.7 -20.5 479.4 -2.1 157.5
90916.4 16.7 -25.4 479.4 -2.3 157.3
90916.2 16.7 -23.9 479.4 -2.4 157.0
90911.2 16.7 -42.3 479.4 -1.0 156.7
90908.1 16.7 -53.4 479.4 -0.2 156.5
90908.7 16.7 -51.9 479.4 -0.8 156.2
90909.1 16.7 -54.5 479.3 -1.2 155.9
90907.4 16.7 -70.0 479.3 -1.1 155.7
90908.8 16.7 -68.5 479.3 -1.9 155.4
90907.0 16.7 -74.0 479.3 -1.8 155.1
90906.0 16.7 -72.3 479.3 -1.9 154.9
90901.5 16.7 -86.2 479.2 -1.0 154.6
90899.3 16.7 -91.5 479.2 -0.8 154.4
90899.2 16.7 -84.9 479.2 -1.4 154.1
90896.0 16.7 -88.9 479.2 -0.9 153.8
90897.4 16.7 -76.4 479.2 -1.9 153.6
90896.7 16.7 -70.4 479.2 -2.2 153.3
90896.7 16.7 -59.6 479.1 -2.6 153.1
90898.1 16.7 -43.8 479.1 -3.4 152.8
90897.9 16.7 -35.6 479.1 -3.6 152.6
90897.0 16.7 -33.0 479.1 -3.5 152.3
90895.6 16.7 -37.4 479.1 -3.3 152.1
90893.3 16.7 -46.5 479.1 -2.8 151.8
90891.5 16.7 -49.7 479.0 -2.6 151.6
90891.1 16.7 -44.8 479.0 -2.8 151.3
90892.7 16.7 -36.0 479.0 -3.5 151.1
90888.9 16.7 -51.9 479.0 -2.6 150.8
90887.6 16.7 -61.9 479.0 -2.5 150.6
90884.2 16.7 -82.0 479.0 -1.9 150.3
90886.6 16.7 -78.6 478.9 -3.1 150.1
90887.6 16.7 -74.9 478.9 -3.9 149.8
90887.4 16.7 -75.2 478.9 -4.2 149.6
90886.4 16.7 -83.7 478.9 -4.4 149.3
90885.2 16.7 -98.0 478.9 -4.5 149.1
90880.6 16.7 -124.7 478.9 -3.7 148.9
90878.9 16.7 -134.1 478.8 -4.0 148.6
90876.2 16.7 -140.3 478.8 -4.0 148.4
90874.0 16.7 -139.8 478.8 -4.2 148.1
90874.3 16.7 -133.2 478.8 -5.1 147.9
90871.9 16.7 -141.4 478.8 -5.2 147.7
90867.1 16.7 -156.8 478.8 -4.6 147.4
90864.8 16.7 -158.7 478.7 -4.8 147.2
90862.3 16.7 -169.1 478.7 -5.0 147.0
90857.4 16.7 -183.9 478.7 -4.6 146.7
90853.3 16.7 -186.1 478.7 -4.5 146.5
90850.9 16.7 -185.5 478.7 -4.8 146.3
90846.5 16.7 -196.4 478.7 -4.6 146.0
90844.3 16.7 -192.9 478.6 -5.1 145.8
90837.3 16.7 -185.2 478.6 -4.2 145.6
90829.6 16.7 -169.4 478.6 -3.1 145.3
90824.5 16.7 -154.9 478.6 -2.5 145.1
90823.2 16.7 -144.7 478.6 -3.1 144.9
90819.7 16.7 -152.6 478.6 -2.9 144.6
90818.1 16.7 -152.8 478.6 -3.3 144.4
90815.3 16.7 -151.9 478.5 -3.4 144.2
90816.8 16.7 -126.1 478.5 -4.7 144.0
90810.1 16.7 -130.9 478.5 -3.5 143.7
90805.7 16.7 -128.3 478.5 -3.0 143.5
90802.3 16.7 -124.8 478.5 -2.7 143.3
90798.6 16.7 -125.7 478.5 -2.4 143.1
90797.6 16.7 -119.2 478.5 -2.8 142.8
90794.2 16.7 -121.2 478.4 -2.5 142.6
90789.3 16.7 -125.5 478.4 -1.8 142.4
90785.4 16.7 -121.1 478.4 -1.4 142.2
90782.9 16.7 -110.1 478.4 -1.4 142.0
90780.2 16.7 -102.7 478.4 -1.2 141.8
90778.8 16.7 -94.3 478.4 -1.4 141.5
90778.2 16.7 -89.7 478.3 -1.8 141.3
90776.1 16.7 -91.9 478.3 -1.7 141.1
90774.9 16.7 -88.9 478.3 -1.9 140.9
90771.6 16.7 -92.5 478.3 -1.4 140.7
90771.3 16.7 -80.6 478.3 -1.9 140.5
90770.8 16.7 -71.0 478.3 -2.2 140.2
90771.9 16.7 -59.2 478.3 -2.9 140.0
90769.7 16.7 -63.3 478.2 -2.7 139.8
90767.3 16.7 -69.4 478.2 -2.3 139.6
90764.2 16.7 -74.0 478.2 -1.9 139.4
90761.8 16.7 -70.2 478.2 -1.6 139.2
90760.2 16.7 -63.4 478.2 -1.5 139.0
90758.6 16.7 -59.7 478.2 -1.4 138.8
90753.3 16.7 -73.1 478.2 -0.3 138.6
90753.5 16.7 -66.4 478.1 -0.7 138.3
90751.9 16.7 -67.4 478.1 -0.7 138.1
90750.9 16.7 -66.5 478.1 -0.8 137.9
90751.4 16.7 -57.8 478.1 -1.3 137.7
90749.1 16.7 -57.3 478.1 -1.0 137.5
90745.7 16.7 -60.0 478.1 -0.3 137.3
90745.9 16.7 -52.3 478.1 -0.7 137.1
90746.6 16.7 -44.0 478.0 -1.2 136.9
90747.7 16.7 -35.5 478.0 -1.8 136.7
90744.1 16.7 -45.4 478.0 -1.0 136.5
90743.6 16.7 -42.2 478.0 -1.1 136.3
90744.9 16.7 -31.7 478.0 -1.6 136.1
90747.9 16.7 -14.6 478.0 -2.7 135.9
90750.2 16.7 -0.2 478.0 -3.4 135.7
90749.9 16.7 5.3 478.0 -3.3 135.5
90752.2 16.7 20.5 477.9 -3.9 135.3
90754.3 16.7 33.9 477.9 -4.4 135.1
90753.2 16.7 34.4 477.9 -3.9 134.9
90754.2 16.7 43.7 477.9 -4.0 134.7
90754.9 16.7 52.0 477.9 -3.9 134.5
90755.8 16.7 61.1 477.9 -3.9 134.3
90758.0 16.7 74.1 477.9 -4.1 134.1
90757.4 16.7 74.8 477.8 -3.6 133.9
90758.6 16.7 81.6 477.8 -3.5 133.7
90761.7 16.7 94.4 477.8 -3.9 133.5
90764.2 16.7 104.6 477.8 -4.1 133.4
90764.5 16.7 104.3 477.8 -3.6 133.2
90767.4 16.7 112.2 477.8 -3.8 133.0
90770.7 16.7 119.3 477.8 -4.1 132.8
90771.6 16.7 115.7 477.8 -3.7 132.6
90774.0 16.7 117.3 477.7 -3.7 132.4
90779.0 16.7 129.7 477.7 -4.4 132.2
90783.0 16.7 139.3 477.7 -4.8 132.0
90786.9 16.7 147.2 477.7 -5.1 131.8
90787.0 16.7 138.1 477.7 -4.3 131.6
90789.5 16.7 137.4 477.7 -4.3 131.5
90791.7 16.7 133.6 477.7 -4.1 131.3
90792.8 16.7 124.7 477.7 -3.7 131.1
90794.8 16.7 119.9 477.6 -3.6 130.9
90794.1 16.7 105.7 477.6 -2.7 130.7
90799.0 16.7 112.9 477.6 -3.5 130.5
90803.0 16.7 115.5 477.6 -3.9 130.3
90804.6 16.7 110.6 477.6 -3.7 130.2
90807.5 16.7 111.7 477.6 -3.9 130.0
90809.1 16.7 106.4 477.6 -3.8 129.8
90813.5 16.7 110.7 477.6 -4.4 129.6
90815.0 16.7 100.2 477.5 -4.2 129.4
90817.0 16.7 91.1 477.5 -4.2 129.3
90820.1 16.7 87.9 477.5 -4.5 129.1
90823.4 16.7 87.6 477.5 -4.9 128.9
90822.6 16.7 75.3 477.5 -4.2 128.7
90824.5 16.7 74.8 477.5 -4.4 128.5
90828.0 16.7 80.6 477.5 -4.9 128.4
90831.1 16.7 84.6 477.5 -5.3 128.2
90833.3 16.7 84.1 477.4 -5.4 128.0
90831.2 16.7 68.0 477.4 -4.4 127.8
90830.1 16.7 57.8 477.4 -3.8 127.7
90832.0 16.7 61.0 477.4 -4.0 127.5
90831.6 16.7 55.5 477.4 -3.5 127.3
90831.7 16.7 50.0 477.4 -3.3 127.1
90836.0 16.7 59.8 477.4 -4.1 127.0
90834.6 16.7 47.3 477.4 -3.5 126.8
90834.0 16.7 41.0 477.3 -3.1 126.6
