90741.0 90741.0 -0.0
90742.0 90741.4 0.0
90741.0 90741.3 -0.1
90746.0 90742.4 0.4
90734.0 90740.8 -1.0
90743.0 90741.1 -0.6
90736.0 90740.4 -1.7
90727.0 90738.5 -5.1
90751.0 90740.0 -1.0
90754.0 90741.8 3.8
90777.0 90746.2 16.6
90734.0 90745.0 10.6
90741.0 90744.7 9.0
90748.0 90745.2 10.4
90732.0 90743.7 3.5
90749.0 90744.5 5.9
90773.0 90748.3 20.4
90751.0 90749.0 21.4
90740.0 90748.2 16.4
90747.0 90748.3 15.5
90750.0 90748.8 16.1
90762.0 90750.9 22.7
90737.0 90749.4 15.4
90744.0 90748.9 12.4
90743.0 90748.3 9.3
90746.0 90748.2 7.9
90757.0 90749.5 12.0
90735.0 90747.8 5.0
90759.0 90749.4 10.0
90734.0 90747.5 2.8
90749.0 90747.7 3.3
90742.0 90747.0 0.5
90751.0 90747.6 2.2
90741.0 90746.8 -0.9
90750.0 90747.2 0.4
90743.0 90746.6 -1.6
90742.0 90746.0 -3.7
90730.0 90743.9 -10.7
90751.0 90744.6 -7.8
90736.0 90743.4 -11.6
90722.0 90740.5 -20.8
90755.0 90742.0 -14.8
90745.0 90742.1 -13.5
90756.0 90743.6 -7.7
90718.0 90740.3 -18.6
90769.0 90743.5 -6.5
90748.0 90744.0 -4.7
90739.0 90743.3 -6.9
90758.0 90745.0 -0.8
90760.0 90746.8 5.5
90716.0 90743.1 -7.6
90762.0 90745.3 0.3
90740.0 90744.7 -2.0
90752.0 90745.5 1.0
90739.0 90744.7 -1.9
90761.0 90746.7 4.9
90749.0 90747.1 5.8
90767.0 90749.7 14.0
90759.0 90751.1 17.9
90734.0 90749.3 10.6
90751.0 90749.7 11.2
90772.0 90752.6 20.5
90743.0 90751.8 16.3
90746.0 90751.4 13.8
90750.0 90751.4 13.1
90744.0 90750.7 9.9
90753.0 90751.2 10.7
90746.0 90750.7 8.4
90744.0 90750.1 5.5
90745.0 90749.5 3.3
90742.0 90748.7 0.2
90749.0 90748.7 0.2
90746.0 90748.4 -1.0
90736.0 90746.8 -6.2
90752.0 90747.4 -4.2
90750.0 90747.6 -3.1
90750.0 90747.9 -2.2
90784.0 90752.3 12.8
90771.0 90754.8 20.4
90727.0 90751.7 8.8
90746.0 90751.2 6.3
90765.0 90753.0 12.0
90767.0 90754.9 17.7
90743.0 90753.8 12.6
90758.0 90754.5 14.2
90729.0 90751.6 3.6
90749.0 90751.4 2.4
90752.0 90751.5 2.6
90748.0 90751.1 1.1
90768.0 90753.2 8.0
90738.0 90751.5 1.6
90748.0 90751.1 0.1
90740.0 90749.7 -4.5
90731.0 90747.3 -12.3
90744.0 90746.7 -13.7
90751.0 90747.0 -12.0
90766.0 90749.1 -4.2
90766.0 90751.1 2.7
90767.0 90753.1 9.2
90758.0 90753.9 11.1
90758.0 90754.6 12.7
90772.0 90756.9 19.8
90796.0 90762.0 35.7
90758.0 90762.2 33.8
90734.0 90759.3 22.0
90756.0 90759.3 20.4
90744.0 90757.8 14.0
90769.0 90759.4 18.5
90757.0 90759.4 17.3
90748.0 90758.3 12.5
90778.0 90761.0 20.5
90752.0 90760.2 16.7
90779.0 90762.8 24.2
90764.0 90763.4 24.5
90733.0 90760.1 11.9
90753.0 90759.5 8.9
90753.0 90758.8 6.1
90760.0 90759.1 6.5
90737.0 90756.5 -2.6
90753.0 90756.0 -4.1
90760.0 90756.4 -2.5
90742.0 90754.6 -8.4
90751.0 90754.0 -9.9
90762.0 90754.8 -6.7
90750.0 90754.1 -8.7
90767.0 90755.5 -3.5
90780.0 90758.5 6.4
90756.0 90758.3 5.4
90740.0 90756.1 -2.2
90769.0 90757.7 3.0
90763.0 90758.4 5.1
90753.0 90757.8 2.9
90759.0 90758.0 3.3
90754.0 90757.6 1.6
90764.0 90758.4 4.1
90755.0 90758.0 2.6
90736.0 90755.4 -6.4
90757.0 90755.5 -5.8
90754.0 90755.2 -6.5
90744.0 90753.7 -11.0
90758.0 90754.1 -9.3
90735.0 90751.6 -17.1
90762.0 90752.5 -12.8
90740.0 90750.8 -17.9
90771.0 90752.9 -9.7
90764.0 90754.1 -5.3
90769.0 90755.8 0.8
90742.0 90754.2 -4.9
90733.0 90751.5 -13.5
90766.0 90753.0 -7.7
90761.0 90753.9 -4.5
90751.0 90753.4 -5.6
90747.0 90752.6 -8.3
90775.0 90755.1 0.8
90762.0 90756.0 3.5
90722.0 90751.9 -10.3
90769.0 90753.8 -3.5
90756.0 90754.0 -2.7
90767.0 90755.6 2.5
90761.0 90756.3 4.7
90739.0 90754.2 -2.4
90756.0 90754.4 -1.7
90750.0 90753.9 -3.6
90756.0 90754.0 -2.8
90761.0 90754.8 -0.0
90756.0 90755.0 0.4
90749.0 90754.3 -2.1
90756.0 90754.4 -1.4
90751.0 90754.0 -2.9
90758.0 90754.4 -1.3
90755.0 90754.5 -1.1
90740.0 90752.7 -7.0
90746.0 90751.8 -9.8
90785.0 90755.6 3.6
90750.0 90755.0 1.3
90746.0 90753.9 -2.4
90732.0 90751.2 -11.3
90755.0 90751.5 -9.8
90738.0 90749.7 -15.2
90745.0 90748.9 -17.1
90771.0 90751.2 -8.2
90759.0 90752.0 -5.1
90773.0 90754.5 3.4
90768.0 90756.2 8.8
90761.0 90756.9 10.6
90751.0 90756.4 8.1
90761.0 90757.1 9.8
90760.0 90757.6 10.9
90775.0 90759.9 17.8
90749.0 90758.9 13.3
90733.0 90756.0 2.7
90754.0 90755.8 1.9
90744.0 90754.4 -3.0
90746.0 90753.3 -6.4
90749.0 90752.7 -8.2
90754.0 90752.7 -7.7
90727.0 90749.5 -18.0
90775.0 90752.2 -7.8
90768.0 90754.0 -1.5
90761.0 90754.8 1.3
90773.0 90757.0 8.6
90742.0 90755.4 2.4
90747.0 90754.4 -1.0
90737.0 90752.3 -8.0
90772.0 90754.5 -0.1
90757.0 90754.8 0.9
90737.0 90752.7 -6.3
90728.0 90749.6 -16.3
90766.0 90751.3 -9.7
90747.0 90750.6 -11.4
90759.0 90751.4 -8.0
90745.0 90750.5 -10.6
90755.0 90750.9 -8.8
90729.0 90748.1 -17.6
90762.0 90749.4 -12.0
90765.0 90751.1 -5.8
90733.0 90748.8 -13.0
90764.0 90750.4 -6.9
90727.0 90747.5 -16.3
90721.0 90744.0 -26.9
90742.0 90743.3 -27.6
90758.0 90744.6 -21.5
90731.0 90742.5 -26.9
90766.0 90744.9 -17.4
90771.0 90747.8 -6.9
90751.0 90748.0 -5.6
90748.0 90747.9 -5.6
90737.0 90746.5 -10.0
90737.0 90745.2 -13.8
90736.0 90743.8 -17.4
90743.0 90743.4 -17.7
90737.0 90742.3 -20.3
90737.0 90741.3 -22.3
90767.0 90744.0 -12.0
90777.0 90747.8 1.2
90767.0 90750.1 8.9
90749.0 90750.2 8.3
90746.0 90749.8 6.6
90756.0 90750.7 9.0
90756.0 90751.5 11.0
90742.0 90750.5 7.2
90760.0 90751.8 10.9
90737.0 90750.2 4.9
90722.0 90746.9 -6.4
90751.0 90747.3 -4.7
90732.0 90745.3 -10.9
90746.0 90745.2 -10.6
90756.0 90746.3 -6.3
90745.0 90746.1 -6.9
90739.0 90745.1 -9.7
90755.0 90746.1 -5.8
90745.0 90745.9 -6.2
90753.0 90746.6 -3.4
90754.0 90747.5 -0.5
90760.0 90749.0 4.5
90775.0 90752.2 14.8
90748.0 90751.9 13.0
90754.0 90752.4 13.8
90749.0 90752.2 12.3
90738.0 90750.7 6.5
90759.0 90751.9 9.7
90767.0 90753.9 15.7
90757.0 90754.5 16.8
90739.0 90752.9 10.5
90754.0 90753.2 10.8
90746.0 90752.6 7.9
90775.0 90755.4 16.7
90733.0 90753.0 7.7
90740.0 90751.6 2.4
90777.0 90754.7 12.4
90755.0 90754.9 12.5
90761.0 90755.9 14.8
90742.0 90754.5 9.2
90753.0 90754.5 8.5
90740.0 90752.9 2.7
90773.0 90755.3 10.5
90750.0 90754.9 8.2
90713.0 90750.0 -8.5
90747.0 90749.5 -9.7
90747.0 90749.0 -10.7
90761.0 90750.3 -6.0
90785.0 90754.3 7.7
90758.0 90754.9 9.2
90753.0 90754.9 8.4
90775.0 90757.4 16.5
90769.0 90759.1 21.2
90758.0 90759.4 21.4
90746.0 90758.2 18.3
90741.0 90756.4 14.5
90756.0 90756.7 17.6
90739.0 90754.9 15.7
90747.0 90754.3 20.5
90743.0 90753.4 25.1
90755.0 90754.1 36.2
90768.0 90756.5 53.6
90756.0 90757.5 64.8
90774.0 90760.7 82.3
90762.0 90762.4 93.5
90733.0 90760.6 92.5
90764.0 90762.8 105.6
90748.0 90763.0 112.0
90744.0 90762.8 115.0
90755.0 90763.9 119.7
90770.0 90766.8 126.8
90783.0 90771.0 136.6
90798.0 90776.7 150.9
90816.0 90784.1 170.1
90792.0 90788.1 177.0
90799.0 90792.6 186.0
90800.0 90796.8 194.7
90806.0 90801.4 203.4
90810.0 90806.0 208.9
90818.0 90811.2 212.4
90830.0 90817.2 217.6
90808.0 90819.9 212.2
90826.0 90824.4 212.7
90816.0 90827.1 207.4
90857.0 90834.3 215.9
90815.0 90835.8 202.4
90846.0 90840.5 200.7
90831.0 90842.9 193.0
90825.0 90844.1 182.5
90856.0 90848.7 183.8
90874.0 90855.0 190.2
90882.0 90861.6 196.5
90860.0 90864.8 189.6
90851.0 90866.4 175.9
90877.0 90870.7 172.3
90857.0 90872.1 162.8
90857.0 90873.2 157.1
90866.0 90875.1 156.3
90873.0 90877.6 156.0
90889.0 90881.7 157.8
90872.0 90883.2 147.8
90898.0 90887.6 145.4
90887.0 90890.0 138.4
90868.0 90889.8 125.9
90899.0 90893.1 125.6
90897.0 90895.7 119.3
90886.0 90896.5 105.8
90902.0 90899.0 99.9
90878.0 90898.2 85.3
90894.0 90899.1 77.7
90886.0 90898.9 66.9
90886.0 90898.5 56.6
90899.0 90899.5 52.5
90908.0 90901.4 52.3
90893.0 90901.3 45.2
90877.0 90899.1 31.8
90926.0 90902.9 39.1
90922.0 90905.9 43.4
90900.0 90905.9 37.3
90909.0 90906.9 33.3
90921.0 90909.1 31.6
90942.0 90913.5 36.4
90938.0 90917.0 38.7
90890.0 90914.4 22.6
90924.0 90916.0 23.0
90898.0 90914.2 13.3
90896.0 90912.2 3.6
90902.0 90911.0 -4.7
90904.0 90910.0 -12.4
90926.0 90911.7 -12.5
90919.0 90912.3 -16.3
90919.0 90912.8 -17.1
90908.0 90911.9 -22.4
90902.0 90910.2 -31.0
90937.0 90912.9 -26.6
90936.0 90915.1 -24.5
90921.0 90915.3 -27.2
90918.0 90915.2 -27.6
90883.0 90910.8 -41.9
90894.0 90908.0 -51.2
90919.0 90908.4 -51.6
90918.0 90908.5 -56.1
90904.0 90906.9 -68.2
90926.0 90907.9 -68.0
90904.0 90906.2 -72.9
90909.0 90905.3 -73.2
90883.0 90901.3 -84.0
90896.0 90899.2 -87.6
90910.0 90898.9 -82.9
90887.0 90896.0 -86.1
90917.0 90897.1 -75.8
90902.0 90896.4 -70.1
90905.0 90896.2 -61.0
90914.0 90897.3 -47.7
90902.0 90897.1 -40.5
90896.0 90896.2 -38.2
90891.0 90894.9 -41.0
90884.0 90892.9 -46.8
90886.0 90891.2 -48.8
90895.0 90890.8 -45.9
90908.0 90892.1 -39.9
90870.0 90888.7 -53.0
90886.0 90887.3 -62.3
90871.0 90884.2 -79.1
90911.0 90885.9 -77.7
90904.0 90886.7 -76.7
90895.0 90886.2 -79.8
90890.0 90885.2 -88.8
90888.0 90883.8 -101.8
90864.0 90879.5 -123.6
90884.0 90877.8 -132.2
90876.0 90875.2 -138.2
90878.0 90873.1 -140.0
90893.0 90872.9 -136.9
90874.0 90870.6 -143.3
90855.0 90866.1 -155.5
90870.0 90863.8 -160.5
90866.0 90861.1 -168.6
90848.0 90856.5 -179.4
90851.0 90852.7 -183.8
90859.0 90850.2 -185.0
90842.0 90845.9 -192.6
90855.0 90843.6 -184.9
90818.0 90837.5 -175.9
90805.0 90830.7 -163.2
90814.0 90826.0 -151.6
90834.0 90824.3 -142.4
90816.0 90820.7 -147.2
90827.0 90818.9 -146.7
90817.0 90816.1 -144.8
90845.0 90817.1 -124.9
90784.0 90811.0 -127.6
90795.0 90806.9 -124.4
90797.0 90803.6 -121.0
90791.0 90800.0 -121.4
90807.0 90798.7 -115.8
90788.0 90795.4 -116.3
90774.0 90790.9 -118.3
90777.0 90787.2 -113.8
90782.0 90784.7 -104.9
90777.0 90782.0 -98.5
90783.0 90780.4 -92.4
90786.0 90779.4 -88.4
90774.0 90777.2 -89.7
90779.0 90775.9 -87.5
90762.0 90772.7 -89.4
90781.0 90772.2 -80.5
90778.0 90771.5 -73.1
90787.0 90772.1 -64.2
90764.0 90770.0 -67.0
90760.0 90767.6 -70.7
90754.0 90764.8 -72.8
90756.0 90762.5 -69.7
90759.0 90760.9 -64.1
90756.0 90759.2 -60.9
90728.0 90754.4 -70.5
90764.0 90754.3 -65.3
90750.0 90752.7 -66.3
90753.0 90751.6 -65.3
90763.0 90751.8 -58.1
90742.0 90749.6 -57.2
90732.0 90746.6 -59.3
90754.0 90746.4 -53.1
90758.0 90746.9 -46.3
90760.0 90747.7 -39.5
90726.0 90744.4 -46.5
90746.0 90743.8 -43.6
90758.0 90744.7 -35.2
90771.0 90747.3 -21.1
90766.0 90749.2 -8.5
90748.0 90749.0 -2.7
90766.0 90751.0 10.7
90765.0 90752.9 23.1
90742.0 90752.1 26.0
90756.0 90753.1 35.5
90754.0 90753.9 44.4
90755.0 90754.9 53.8
90764.0 90757.0 66.1
90744.0 90756.7 69.0
90757.0 90758.0 76.4
90771.0 90761.0 88.5
90768.0 90763.4 97.9
90753.0 90764.0 99.3
90773.0 90766.8 106.7
90777.0 90770.0 113.3
90762.0 90771.0 111.5
90775.0 90773.5 114.0
90795.0 90778.1 124.4
90792.0 90782.0 132.6
90794.0 90785.8 139.4
90769.0 90786.2 133.4
90788.0 90788.8 133.1
90788.0 90791.0 130.3
90783.0 90792.3 123.5
90792.0 90794.4 119.6
90775.0 90794.2 108.2
90816.0 90798.7 112.6
90814.0 90802.5 114.5
90800.0 90804.2 110.4
90812.0 90807.0 110.5
90805.0 90808.7 105.8
90828.0 90812.8 107.6
90810.0 90814.3 98.5
90817.0 90816.3 90.6
90828.0 90819.2 87.0
90833.0 90822.4 86.1
90807.0 90822.0 76.0
90827.0 90823.9 75.2
90840.0 90827.2 79.1
90841.0 90830.2 82.0
90836.0 90832.3 81.6
90808.0 90830.8 69.6
90815.0 90830.2 62.1
90836.0 90832.0 64.1
90822.0 90831.9 59.4
90825.0 90832.1 54.8
90857.0 90836.0 61.8
90818.0 90834.9 52.3
90825.0 90834.7 47.0
90845.0 90836.7 50.4
90838.0 90837.8 50.0
90867.0 90842.1 59.9
90838.0 90842.7 55.4
90848.0 90844.2 54.1
90838.0 90844.4 48.5
90830.0 90843.5 39.9
90856.0 90845.7 42.1
90871.0 90849.5 49.1
90847.0 90850.0 44.6
90836.0 90849.1 35.6
90840.0 90848.6 29.0
90855.0 90849.9 29.6
90837.0 90848.8 23.7
90874.0 90852.3 33.2
90876.0 90855.7 41.8
90830.0 90853.3 30.1
90850.0 90853.4 26.4
90891.0 90858.4 38.2
90867.0 90860.1 38.6
90827.0 90856.8 22.8
90843.0 90855.5 14.2
90865.0 90856.9 15.0
90826.0 90853.4 0.5
90825.0 90850.0 -13.4
90846.0 90849.2 -18.4
90854.0 90849.5 -20.0
90830.0 90846.8 -30.2
90868.0 90848.8 -23.8
90847.0 90848.1 -25.5
90843.0 90847.0 -28.4
90854.0 90847.4 -27.3
90864.0 90848.8 -23.4
90849.0 90848.4 -26.4
90851.0 90848.2 -27.9
90863.0 90849.5 -23.5
90870.0 90851.5 -16.1
90857.0 90851.9 -14.6
90844.0 90850.7 -18.2
90845.0 90849.7 -20.8
90817.0 90845.4 -33.9
90838.0 90843.9 -36.8
90856.0 90844.7 -31.8
90849.0 90844.7 -29.9
90833.0 90842.8 -34.8
90814.0 90838.7 -46.4
90863.0 90840.8 -36.8
90839.0 90839.9 -37.5
90866.0 90842.4 -27.7
90853.0 90843.1 -24.3
90843.0 90842.7 -25.1
90847.0 90842.8 -23.9
90827.0 90840.5 -30.3
90824.0 90838.0 -36.9
90845.0 90838.2 -34.3
90853.0 90839.3 -29.0
90815.0 90835.9 -39.7
90850.0 90836.9 -35.5
90821.0 90834.3 -42.2
90836.0 90833.8 -41.2
90822.0 90831.7 -45.3
90832.0 90830.9 -45.1
90830.0 90830.0 -46.1
90851.0 90831.7 -39.0
90831.0 90830.9 -40.8
90830.0 90830.1 -42.6
90822.0 90828.3 -46.5
90848.0 90829.9 -37.5
90820.0 90828.1 -37.9
90805.0 90824.7 -42.2
90823.0 90823.8 -38.0
90835.0 90824.5 -29.9
90839.0 90825.7 -22.0
90785.0 90820.5 -36.6
90808.0 90818.3 -41.2
90850.0 90821.4 -28.7
90824.0 90821.2 -26.1
90832.0 90822.1 -20.0
90840.0 90823.9 -10.8
90823.0 90823.6 -9.0
90823.0 90823.4 -7.5
90812.0 90821.9 -11.1
90816.0 90821.0 -13.2
90846.0 90823.7 -3.8
90822.0 90823.5 -4.9
90824.0 90823.4 -4.3
90814.0 90822.2 -6.6
90814.0 90821.2 -8.1
90810.0 90819.7 -11.1
90825.0 90820.1 -7.6
90817.0 90819.6 -8.4
90827.0 90820.4 -5.4
90851.0 90823.9 6.5
90812.0 90822.6 1.8
90794.0 90819.2 -9.1
90811.0 90818.1 -11.5
90813.0 90817.3 -12.2
90820.0 90817.4 -9.5
90809.0 90816.3 -11.2
90816.0 90816.1 -10.3
90821.0 90816.5 -8.0
90795.0 90813.8 -16.6
90821.0 90814.3 -14.0
90825.0 90815.4 -9.5
90814.0 90815.0 -9.5
90816.0 90815.0 -8.5
90809.0 90814.1 -9.9
90826.0 90815.4 -4.7
90821.0 90816.0 -2.4
90800.0 90814.0 -8.4
90821.0 90814.7 -5.3
90813.0 90814.4 -5.6
90818.0 90814.8 -3.6
90814.0 90814.6 -3.3
90804.0 90813.3 -6.8
90817.0 90813.6 -4.5
90820.0 90814.3 -1.4
90810.0 90813.8 -2.8
90826.0 90815.2 2.0
90824.0 90816.3 5.3
90834.0 90818.5 12.1
90821.0 90819.0 13.4
90824.0 90819.8 15.7
90824.0 90820.6 17.6
90807.0 90819.3 12.4
90833.0 90821.1 17.8
90825.0 90821.9 19.2
90831.0 90823.3 22.4
90808.0 90821.9 16.1
90818.0 90821.7 14.3
90833.0 90823.3 19.0
90818.0 90823.0 17.7
90828.0 90823.9 20.5
90830.0 90825.0 23.2
90831.0 90826.1 25.4
90806.0 90824.2 17.3
90808.0 90822.6 10.7
90803.0 90820.4 2.8
90817.0 90820.1 1.2
90822.0 90820.3 1.7
90806.0 90818.6 -4.2
90832.0 90820.2 1.3
90806.0 90818.5 -3.4
90806.0 90816.9 -8.1
90817.0 90816.8 -8.0
90836.0 90819.0 -0.4
90841.0 90821.6 8.3
90796.0 90818.7 -1.7
90836.0 90820.7 5.0
90824.0 90821.2 6.4
90810.0 90820.0 2.1
90820.0 90820.0 2.2
90819.0 90819.9 1.7
90816.0 90819.5 0.0
90835.0 90821.3 6.1
90816.0 90820.8 3.9
90805.0 90819.0 -2.3
90820.0 90819.1 -2.0
90809.0 90817.8 -5.9
90825.0 90818.6 -3.1
90794.0 90815.6 -12.7
90809.0 90814.6 -15.3
90840.0 90817.4 -5.3
90799.0 90815.1 -12.3
90789.0 90811.7 -22.5
90824.0 90812.8 -17.6
90831.0 90814.7 -10.3
90851.0 90818.8 3.9
90830.0 90820.2 8.3
90832.0 90821.8 12.9
90830.0 90823.0 16.0
90832.0 90824.3 19.4
90821.0 90824.3 18.0
90813.0 90823.3 13.5
90803.0 90821.1 5.5
90836.0 90823.0 11.2
90845.0 90825.8 19.7
90826.0 90826.1 19.6
90808.0 90824.3 12.4
90829.0 90825.1 14.1
90851.0 90828.4 24.0
90828.0 90828.8 23.7
90792.0 90824.8 9.2
90846.0 90827.5 17.4
90810.0 90825.7 10.4
90827.0 90826.1 10.8
90812.0 90824.6 5.1
90820.0 90824.1 3.3
90834.0 90825.4 7.1
90823.0 90825.2 6.1
90827.0 90825.5 6.8
90810.0 90823.8 0.7
90827.0 90824.2 1.9
90843.0 90826.5 9.2
90826.0 90826.6 8.9
90836.0 90827.9 12.6
90839.0 90829.4 16.8
90825.0 90829.2 15.0
90831.0 90829.7 15.6
90836.0 90830.7 18.0
90821.0 90829.9 14.1
90804.0 90827.0 3.9
90807.0 90824.7 -3.9
90847.0 90827.3 4.7
90814.0 90825.8 -0.4
90815.0 90824.5 -4.6
90815.0 90823.3 -8.3
90816.0 90822.3 -11.2
90800.0 90819.4 -19.9
90821.0 90819.2 -19.1
90834.0 90820.7 -13.2
90811.0 90819.3 -16.9
90812.0 90818.1 -19.7
90832.0 90819.4 -14.1
90845.0 90822.2 -4.1
90803.0 90819.9 -11.5
90831.0 90821.0 -7.1
90825.0 90821.3 -5.5
90820.0 90821.1 -6.0
90807.0 90819.3 -11.4
90807.0 90817.6 -16.2
90821.0 90817.8 -14.8
90830.0 90819.0 -9.9
90839.0 90821.2 -2.0
90793.0 90817.8 -13.0
90822.0 90818.1 -11.3
90822.0 90818.3 -9.7
90820.0 90818.4 -8.9
90805.0 90816.6 -14.1
90808.0 90815.3 -17.4
90824.0 90816.1 -13.9
90819.0 90816.2 -12.7
90833.0 90818.0 -6.0
90810.0 90816.9 -9.1
90821.0 90817.2 -7.5
90832.0 90818.9 -1.7
90830.0 90820.2 2.7
90830.0 90821.4 6.5
90822.0 90821.6 6.6
90838.0 90823.6 13.0
90836.0 90825.3 17.7
90823.0 90825.4 16.7
90834.0 90826.7 19.9
90837.0 90828.3 23.8
90824.0 90828.2 22.0
90830.0 90828.8 22.5
90843.0 90830.9 27.9
90838.0 90832.2 30.5
90818.0 90831.1 24.8
90825.0 90830.8 22.3
90820.0 90829.9 17.9
90828.0 90830.0 17.0
90860.0 90833.9 28.6
90845.0 90835.7 32.7
90830.0 90835.6 30.3
90827.0 90835.1 26.8
90809.0 90832.5 16.4
90819.0 90831.2 11.0
90827.0 90830.9 9.3
90831.0 90831.0 9.3
90847.0 90833.1 15.4
90842.0 90834.4 18.8
90839.0 90835.3 20.4
90819.0 90833.7 13.9
90826.0 90833.0 10.8
90829.0 90832.8 9.2
90808.0 90830.0 -0.6
90812.0 90827.8 -7.6
90824.0 90827.2 -9.2
90831.0 90827.5 -7.7
90821.0 90826.6 -10.3
90810.0 90824.4 -16.7
90805.0 90821.8 -24.3
90832.0 90822.6 -20.1
90833.0 90823.5 -15.9
90840.0 90825.2 -9.3
90823.0 90824.8 -10.1
90818.0 90823.8 -12.7
90809.0 90821.8 -18.4
90823.0 90821.6 -17.8
90812.0 90820.1 -21.5
90808.0 90818.3 -26.1
90833.0 90819.6 -20.2
90838.0 90821.4 -12.9
90824.0 90821.5 -11.8
90813.0 90820.3 -15.1
90823.0 90820.4 -13.9
90813.0 90819.2 -16.7
90863.0 90824.1 0.5
90819.0 90823.5 -1.5
90832.0 90824.5 1.8
90832.0 90825.4 4.7
90821.0 90825.0 2.9
90803.0 90822.4 -5.7
90809.0 90820.7 -10.9
90823.0 90820.8 -9.9
90812.0 90819.6 -13.3
90805.0 90817.6 -18.8
90829.0 90818.6 -14.3
90829.0 90819.6 -10.2
90838.0 90821.6 -3.0
90841.0 90823.9 4.6
90813.0 90822.7 0.3
90810.0 90821.2 -4.6
90825.0 90821.5 -3.1
90817.0 90820.9 -4.8
90821.0 90820.9 -4.8
90808.0 90819.2 -9.8
90827.0 90820.0 -6.7
90841.0 90822.4 1.5
90855.0 90826.3 14.2
90833.0 90827.3 16.7
90832.0 90828.2 18.5
90848.0 90830.9 26.0
90823.0 90830.4 22.8
90834.0 90831.2 24.0
90845.0 90833.3 29.2
90819.0 90832.1 23.5
90840.0 90833.5 26.3
90797.0 90829.6 12.0
90818.0 90828.4 7.3
90820.0 90827.5 4.0
90836.0 90828.6 7.2
90824.0 90828.2 5.4
90852.0 90831.1 14.6
90817.0 90829.7 9.0
90836.0 90830.6 11.4
90829.0 90830.6 10.7
90792.0 90826.2 -4.3
90807.0 90823.8 -11.8
90828.0 90824.1 -10.1
90838.0 90825.6 -4.6
90826.0 90825.6 -4.4
90823.0 90825.2 -5.4
90829.0 90825.5 -3.9
90831.0 90826.1 -1.8
90814.0 90824.6 -6.5
90817.0 90823.6 -9.5
90803.0 90821.0 -17.5
90827.0 90821.4 -15.1
90812.0 90820.0 -18.6
90818.0 90819.4 -19.3
90806.0 90817.5 -24.4
90806.0 90815.7 -28.8
90814.0 90815.0 -29.3
90825.0 90815.7 -25.2
90840.0 90818.1 -15.6
90823.0 90818.4 -13.6
90815.0 90817.8 -14.8
90812.0 90816.8 -16.9
90823.0 90817.3 -14.4
90843.0 90820.1 -4.3
90834.0 90821.7 1.1
90823.0 90821.8 1.6
90816.0 90821.2 -0.7
90836.0 90822.9 5.0
90818.0 90822.4 3.1
90837.0 90824.2 8.7
90814.0 90823.1 4.7
90800.0 90820.5 -4.4
90827.0 90821.2 -1.9
90828.0 90822.0 0.8
90853.0 90825.7 12.8
90812.0 90824.3 7.4
90827.0 90824.7 8.4
90819.0 90824.2 6.1
90803.0 90821.8 -2.1
90827.0 90822.4 -0.1
90822.0 90822.3 -0.3
90826.0 90822.8 1.2
90831.0 90823.8 4.4
90809.0 90822.1 -1.4
90829.0 90822.9 1.3
90835.0 90824.3 6.0
90805.0 90822.1 -1.6
90830.0 90823.0 1.5
90832.0 90824.1 4.9
90827.0 90824.6 6.0
90808.0 90822.7 -0.5
90829.0 90823.4 1.9
90840.0 90825.4 8.3
90823.0 90825.3 7.3
90822.0 90825.0 6.0
90785.0 90820.4 -9.6
90845.0 90823.1 0.0
90821.0 90822.9 -0.8
90834.0 90824.2 3.6
90830.0 90824.9 5.8
90816.0 90824.0 2.3
90802.0 90821.4 -6.2
90795.0 90818.2 -16.4
90806.0 90816.4 -21.0
90820.0 90816.5 -19.5
90815.0 90816.0 -19.9
90803.0 90814.1 -24.8
90799.0 90811.8 -30.5
90815.0 90811.7 -29.1
90837.0 90814.2 -19.1
90840.0 90816.9 -8.9
90803.0 90815.1 -14.2
90832.0 90816.9 -7.5
90816.0 90816.6 -7.8
90826.0 90817.6 -4.1
90823.0 90818.2 -2.0
90808.0 90816.9 -6.0
90805.0 90815.4 -10.6
90820.0 90815.8 -8.8
90797.0 90813.4 -16.0
90816.0 90813.4 -14.9
90836.0 90815.8 -6.0
90831.0 90817.5 -0.1
90832.0 90819.3 5.5
90822.0 90819.7 6.5
90818.0 90819.6 5.8
90805.0 90818.0 0.1
90833.0 90819.8 6.0
90823.0 90820.2 7.2
90816.0 90819.9 5.4
90822.0 90820.2 6.2
90812.0 90819.4 3.0
90816.0 90819.0 1.7
90837.0 90821.2 8.7
90825.0 90821.8 10.1
90774.0 90816.3 -8.5
90821.0 90816.7 -6.6
90813.0 90816.1 -7.9
90808.0 90815.0 -11.1
90801.0 90813.2 -16.5
90821.0 90813.8 -13.4
90809.0 90813.0 -15.1
90805.0 90811.8 -18.0
90818.0 90812.2 -15.5
90843.0 90815.6 -3.4
