KF4 Log
z Pzz v Pvv atrue Paa abias Pbb
90741.0 92.3 -0.0 402.0 -0.3 32758.6 -0.0 400.0
90741.4 52.2 0.0 413.7 -2.6 35528.9 -0.0 400.0
90741.3 36.5 -0.1 430.8 -4.9 35757.3 0.0 400.0
90742.4 28.3 0.4 449.0 -4.0 35775.7 -0.0 400.0
90740.8 23.3 -1.0 466.4 -4.6 35777.2 0.1 400.0
90741.1 20.1 -0.6 482.4 4.5 35777.3 0.0 400.0
90740.4 18.0 -1.7 496.2 14.9 35777.3 0.1 399.9
90738.5 16.6 -5.1 507.5 8.0 35777.3 0.5 399.9
90740.0 15.7 -1.0 515.9 0.1 35777.3 0.1 399.7
90741.8 15.2 3.8 521.1 -30.2 35777.3 -0.5 399.5
90746.2 14.9 16.6 523.0 -75.7 35777.3 -2.0 399.3
90745.0 14.8 10.6 521.6 28.0 35777.3 -1.4 398.9
90744.7 14.8 9.0 517.2 -1.6 35777.3 -1.2 398.5
90745.2 15.0 10.4 510.0 -17.9 35777.3 -1.4 397.9
90743.7 15.2 3.5 500.5 -13.2 35777.3 -0.4 397.2
90744.5 15.4 5.9 489.2 -1.5 35777.3 -0.8 396.4
90748.3 15.6 20.4 476.7 -9.0 35777.3 -3.1 395.5
90749.0 15.8 21.4 463.4 -7.8 35777.3 -3.3 394.5
90748.2 15.9 16.4 449.9 -2.5 35777.3 -2.5 393.4
90748.3 16.1 15.5 436.4 -8.8 35777.3 -2.3 392.2
90748.8 16.1 16.1 423.4 -3.4 35777.3 -2.4 390.9
90750.9 16.2 22.7 411.1 -0.0 35777.3 -3.7 389.6
90749.4 16.2 15.4 399.6 -7.0 35777.3 -2.3 388.1
90748.9 16.2 12.4 389.1 -3.8 35777.3 -1.7 386.6
90748.3 16.2 9.3 379.6 -6.7 35777.3 -1.0 385.1
90748.2 16.1 7.9 371.1 -6.0 35777.3 -0.8 383.5
90749.5 16.1 12.0 363.7 -0.9 35777.3 -1.7 381.8
90747.8 16.0 5.0 357.1 -6.2 35777.3 -0.1 380.1
90749.4 15.9 10.0 351.5 -6.1 35777.3 -1.3 378.3
90747.5 15.8 2.8 346.6 -7.2 35777.3 0.5 376.5
90747.7 15.7 3.3 342.5 -6.5 35777.3 0.3 374.6
90747.0 15.7 0.5 339.1 -7.5 35777.3 1.0 372.7
90747.6 15.6 2.2 336.2 -4.8 35777.3 0.5 370.8
90746.8 15.5 -0.9 333.8 -8.4 35777.3 1.3 368.8
90747.2 15.4 0.4 331.9 -7.4 35777.3 0.9 366.8
90746.6 15.3 -1.6 330.4 -5.9 35777.3 1.4 364.7
90746.0 15.3 -3.7 329.2 -8.8 35777.3 2.0 362.6
90743.9 15.2 -10.7 328.2 -10.6 35777.3 4.0 360.5
90744.6 15.2 -7.8 327.5 -9.6 35777.3 3.1 358.3
90743.4 15.1 -11.6 326.9 -9.2 35777.3 4.1 356.2
90740.5 15.1 -20.8 326.4 -12.6 35777.3 6.8 353.9
90742.0 15.0 -14.8 326.1 -9.8 35777.3 4.9 351.7
90742.1 15.0 -13.5 325.8 -10.1 35777.3 4.5 349.5
90743.6 15.0 -7.7 325.6 -6.7 35777.3 2.7 347.2
90740.3 15.0 -18.6 325.5 -11.9 35777.3 6.0 344.9
90743.5 14.9 -6.5 325.3 -6.0 35777.3 2.2 342.7
90744.0 14.9 -4.7 325.2 -6.3 35777.3 1.6 340.4
90743.3 14.9 -6.9 325.0 -7.4 35777.3 2.2 338.1
90745.0 14.9 -0.8 324.8 -4.5 35777.3 0.3 335.8
90746.8 14.9 5.5 324.7 -3.3 35777.3 -1.6 333.5
90743.1 14.9 -7.6 324.5 -8.2 35777.3 2.3 331.3
90745.3 14.9 0.3 324.3 -3.0 35777.3 -0.1 329.0
90744.7 14.9 -2.0 324.0 -5.3 35777.3 0.6 326.8
90745.5 14.9 1.0 323.8 -3.4 35777.3 -0.4 324.6
90744.7 14.9 -1.9 323.5 -6.1 35777.3 0.5 322.4
90746.7 14.9 4.9 323.2 -2.7 35777.3 -1.6 320.2
90747.1 14.9 5.8 322.9 -2.4 35777.3 -1.9 318.0
90749.7 14.9 14.0 322.6 1.4 35777.3 -4.3 315.9
90751.1 14.9 17.9 322.3 0.7 35777.3 -5.5 313.8
90749.3 14.9 10.6 322.0 -0.7 35777.3 -3.3 311.7
90749.7 14.9 11.2 321.7 0.1 35777.3 -3.5 309.6
90752.6 14.8 20.5 321.3 2.5 35777.3 -6.2 307.6
90751.8 14.8 16.3 321.0 1.2 35777.3 -5.0 305.6
90751.4 14.8 13.8 320.7 0.1 35777.3 -4.2 303.6
90751.4 14.8 13.1 320.4 -0.2 35777.3 -4.1 301.7
90750.7 14.8 9.9 320.1 -1.4 35777.3 -3.1 299.7
90751.2 14.8 10.7 319.8 -1.6 35777.3 -3.4 297.8
90750.7 14.8 8.4 319.5 -0.2 35777.3 -2.7 296.0
90750.1 14.8 5.5 319.2 -1.5 35777.3 -1.9 294.2
90749.5 14.8 3.3 318.9 -0.9 35777.3 -1.4 292.3
90748.7 14.8 0.2 318.6 -2.5 35777.3 -0.5 290.6
90748.7 14.8 0.2 318.4 -5.0 35777.3 -0.5 288.8
90748.4 14.8 -1.0 318.1 -4.2 35777.3 -0.2 287.1
90746.8 14.8 -6.2 317.9 -6.8 35777.3 1.2 285.4
90747.4 14.8 -4.2 317.7 -5.0 35777.3 0.6 283.7
90747.6 14.8 -3.1 317.4 -4.2 35777.3 0.3 282.1
90747.9 14.8 -2.2 317.2 -3.8 35777.3 0.0 280.4
90752.3 14.8 12.8 317.0 1.0 35777.3 -3.9 278.8
90754.8 14.8 20.4 316.8 2.8 35777.3 -5.9 277.2
90751.7 14.8 8.8 316.6 -2.1 35777.3 -2.9 275.7
90751.2 14.8 6.3 316.5 -2.0 35777.3 -2.3 274.1
90753.0 14.7 12.0 316.3 0.1 35777.3 -3.7 272.6
90754.9 14.7 17.7 316.1 2.0 35777.3 -5.2 271.1
90753.8 14.7 12.6 316.0 -0.9 35777.3 -3.9 269.6
90754.5 14.7 14.2 315.8 0.1 35777.3 -4.3 268.2
90751.6 14.7 3.6 315.7 -3.7 35777.3 -1.6 266.7
90751.4 14.7 2.4 315.5 -4.2 35777.3 -1.4 265.3
90751.5 14.7 2.6 315.4 -2.4 35777.3 -1.4 263.9
90751.1 14.7 1.1 315.3 -2.8 35777.3 -1.1 262.5
90753.2 14.7 8.0 315.1 -1.1 35777.3 -2.8 261.1
90751.5 14.7 1.6 315.0 -3.7 35777.3 -1.2 259.8
90751.1 14.7 0.1 314.9 -4.2 35777.3 -0.9 258.4
90749.7 14.7 -4.5 314.8 -4.2 35777.3 0.2 257.1
90747.3 14.7 -12.3 314.7 -6.7 35777.3 2.0 255.8
90746.7 14.7 -13.7 314.6 -6.5 35777.3 2.3 254.5
90747.0 14.7 -12.0 314.4 -6.8 35777.3 1.9 253.2
90749.1 14.7 -4.2 314.3 -3.8 35777.3 0.0 251.9
90751.1 14.7 2.7 314.2 -2.5 35777.3 -1.6 250.7
90753.1 14.7 9.2 314.1 -0.3 35777.3 -3.1 249.5
90753.9 14.7 11.1 314.0 -0.6 35777.3 -3.5 248.2
90754.6 14.7 12.7 313.9 0.6 35777.3 -3.9 247.0
90756.9 14.7 19.8 313.8 2.1 35777.3 -5.5 245.8
90762.0 14.7 35.7 313.7 5.0 35777.3 -9.2 244.6
90762.2 14.7 33.8 313.6 2.7 35777.3 -8.7 243.4
90759.3 14.7 22.0 313.5 -2.0 35777.3 -6.0 242.3
90759.3 14.7 20.4 313.4 -2.3 35777.3 -5.7 241.1
90757.8 14.7 14.0 313.3 2.1 35777.3 -4.2 239.9
90759.4 14.7 18.5 313.3 -3.0 35777.3 -5.2 238.8
90759.4 14.7 17.3 313.2 4.8 35777.3 -5.0 237.7
90758.3 14.7 12.5 313.1 -4.1 35777.3 -3.9 236.6
90761.0 14.7 20.5 313.0 4.3 35777.3 -5.7 235.5
90760.2 14.7 16.7 312.9 -1.5 35777.3 -4.8 234.4
90762.8 14.7 24.2 312.8 3.2 35777.3 -6.5 233.3
90763.4 14.7 24.5 312.7 1.4 35777.3 -6.5 232.2
90760.1 14.6 11.9 312.6 -3.5 35777.3 -3.8 231.1
90759.5 14.6 8.9 312.5 -1.6 35777.3 -3.2 230.1
90758.8 14.6 6.1 312.4 -2.1 35777.3 -2.6 229.0
90759.1 14.6 6.5 312.4 -1.5 35777.3 -2.7 228.0
90756.5 14.6 -2.6 312.3 -5.4 35777.3 -0.7 227.0
90756.0 14.6 -4.1 312.2 -3.5 35777.3 -0.4 226.0
90756.4 14.6 -2.5 312.1 -3.6 35777.3 -0.8 225.0
90754.6 14.6 -8.4 312.0 -4.7 35777.3 0.4 224.0
90754.0 14.6 -9.9 311.9 -5.4 35777.3 0.7 223.0
90754.8 14.6 -6.7 311.9 -3.5 35777.3 0.0 222.0
90754.1 14.6 -8.7 311.8 -4.5 35777.3 0.4 221.0
90755.5 14.6 -3.5 311.7 -4.3 35777.3 -0.7 220.0
90758.5 14.6 6.4 311.6 -0.7 35777.3 -2.7 219.1
90758.3 14.6 5.4 311.5 -2.2 35777.3 -2.5 218.1
90756.1 14.6 -2.2 311.4 -2.7 35777.3 -1.0 217.2
90757.7 14.6 3.0 311.4 -2.0 35777.3 -2.0 216.3
90758.4 14.6 5.1 311.3 -1.5 35777.3 -2.5 215.3
90757.8 14.6 2.9 311.2 -2.7 35777.3 -2.0 214.4
90758.0 14.6 3.3 311.1 -3.0 35777.3 -2.1 213.5
90757.6 14.6 1.6 311.1 -3.2 35777.3 -1.8 212.6
90758.4 14.6 4.1 311.0 -2.4 35777.3 -2.3 211.7
90758.0 14.6 2.6 310.9 -3.4 35777.3 -2.0 210.8
90755.4 14.6 -6.4 310.8 -5.3 35777.3 -0.3 210.0
90755.5 14.6 -5.8 310.7 -4.0 35777.3 -0.4 209.1
90755.2 14.6 -6.5 310.7 -4.1 35777.3 -0.3 208.2
90753.7 14.6 -11.0 310.6 -4.4 35777.3 0.6 207.4
90754.1 14.6 -9.3 310.5 -3.9 35777.3 0.2 206.5
90751.6 14.6 -17.1 310.5 -7.3 35777.3 1.7 205.7
90752.5 14.6 -12.8 310.4 -6.1 35777.3 0.9 204.8
90750.8 14.6 -17.9 310.3 -7.3 35777.3 1.8 204.0
90752.9 14.6 -9.7 310.2 -4.5 35777.3 0.2 203.2
90754.1 14.6 -5.3 310.2 -4.2 35777.3 -0.6 202.4
90755.8 14.6 0.8 310.1 -1.7 35777.3 -1.8 201.5
90754.2 14.6 -4.9 310.0 -5.0 35777.3 -0.7 200.7
90751.5 14.6 -13.5 310.0 -7.2 35777.3 0.9 199.9
90753.0 14.6 -7.7 309.9 -4.5 35777.3 -0.2 199.2
90753.9 14.6 -4.5 309.8 -2.1 35777.3 -0.9 198.4
90753.4 14.6 -5.6 309.7 -3.9 35777.3 -0.6 197.6
90752.6 14.6 -8.3 309.7 -4.7 35777.3 -0.2 196.8
90755.1 14.6 0.8 309.6 -2.3 35777.3 -1.9 196.1
90756.0 14.6 3.5 309.5 -2.6 35777.3 -2.4 195.3
90751.9 14.6 -10.3 309.5 -7.2 35777.3 0.2 194.5
90753.8 14.6 -3.5 309.4 -3.8 35777.3 -1.1 193.8
90754.0 14.6 -2.7 309.4 -4.5 35777.3 -1.3 193.0
90755.6 14.6 2.5 309.3 -2.2 35777.3 -2.3 192.3
90756.3 14.6 4.7 309.2 -2.5 35777.3 -2.6 191.6
90754.2 14.6 -2.4 309.2 -3.5 35777.3 -1.4 190.9
90754.4 14.6 -1.7 309.1 -3.8 35777.3 -1.5 190.1
90753.9 14.6 -3.6 309.0 -4.4 35777.3 -1.2 189.4
90754.0 14.6 -2.8 309.0 -3.1 35777.3 -1.4 188.7
90754.8 14.6 -0.0 308.9 -2.8 35777.3 -1.9 188.0
90755.0 14.6 0.4 308.9 -2.4 35777.3 -1.9 187.3
90754.3 14.6 -2.1 308.8 -3.7 35777.3 -1.5 186.6
90754.4 14.6 -1.4 308.7 -3.8 35777.3 -1.6 185.9
90754.0 14.6 -2.9 308.7 -3.6 35777.3 -1.4 185.2
90754.4 14.6 -1.3 308.6 -2.0 35777.3 -1.7 184.6
90754.5 14.6 -1.1 308.6 -2.6 35777.3 -1.7 183.9
90752.7 14.6 -7.0 308.5 -5.5 35777.3 -0.7 183.2
90751.8 14.6 -9.8 308.4 -5.6 35777.3 -0.3 182.6
90755.6 14.5 3.6 308.4 -0.7 35777.3 -2.6 181.9
90755.0 14.5 1.3 308.3 -2.0 35777.3 -2.2 181.2
90753.9 14.5 -2.4 308.3 -2.4 35777.3 -1.6 180.6
90751.2 14.5 -11.3 308.2 -6.1 35777.3 -0.0 180.0
90751.5 14.5 -9.8 308.2 -5.5 35777.3 -0.3 179.3
90749.7 14.5 -15.2 308.1 -5.7 35777.3 0.6 178.7
90748.9 14.5 -17.1 308.0 -6.4 35777.3 0.9 178.0
90751.2 14.5 -8.2 308.0 -2.9 35777.3 -0.6 177.4
90752.0 14.5 -5.1 307.9 -3.3 35777.3 -1.2 176.8
90754.5 14.5 3.4 307.9 -1.4 35777.3 -2.6 176.2
90756.2 14.5 8.8 307.8 -0.5 35777.3 -3.5 175.6
90756.9 14.5 10.6 307.8 -2.0 35777.3 -3.8 175.0
90756.4 14.5 8.1 307.7 -3.4 35777.3 -3.4 174.4
90757.1 14.5 9.8 307.7 -0.7 35777.3 -3.7 173.8
90757.6 14.5 10.9 307.6 -0.3 35777.3 -3.9 173.2
90759.9 14.5 17.8 307.6 -0.2 35777.3 -5.0 172.6
90758.9 14.5 13.3 307.5 -0.8 35777.3 -4.3 172.0
90756.0 14.5 2.7 307.5 -2.7 35777.3 -2.6 171.4
90755.8 14.5 1.9 307.4 -2.0 35777.3 -2.4 170.8
90754.4 14.5 -3.0 307.4 -4.2 35777.3 -1.7 170.2
90753.3 14.5 -6.4 307.3 -5.7 35777.3 -1.1 169.7
90752.7 14.5 -8.2 307.3 -4.4 35777.3 -0.8 169.1
90752.7 14.5 -7.7 307.2 -3.6 35777.3 -0.9 168.5
90749.5 14.5 -18.0 307.2 -7.0 35777.3 0.7 168.0
90752.2 14.5 -7.8 307.1 -4.5 35777.3 -0.9 167.4
90754.0 14.5 -1.5 307.1 -2.8 35777.3 -2.0 166.9
90754.8 14.5 1.3 307.0 -2.0 35777.3 -2.4 166.3
90757.0 14.5 8.6 307.0 0.6 35777.3 -3.6 165.8
90755.4 14.5 2.4 306.9 -2.0 35777.3 -2.6 165.2
90754.4 14.5 -1.0 306.9 -3.5 35777.3 -2.1 164.7
90752.3 14.5 -8.0 306.8 -4.4 35777.3 -1.0 164.2
90754.5 14.5 -0.1 306.8 -0.6 35777.3 -2.2 163.6
90754.8 14.5 0.9 306.7 -1.4 35777.3 -2.4 163.1
90752.7 14.5 -6.3 306.7 -4.3 35777.3 -1.3 162.6
90749.6 14.5 -16.3 306.7 -7.7 35777.3 0.3 162.0
90751.3 14.5 -9.7 306.6 -3.6 35777.3 -0.8 161.5
90750.6 14.5 -11.4 306.6 -5.0 35777.3 -0.5 161.0
90751.4 14.5 -8.0 306.5 -3.9 35777.3 -1.1 160.5
90750.5 14.5 -10.6 306.5 -4.5 35777.3 -0.7 160.0
90750.9 14.5 -8.8 306.4 -3.9 35777.3 -1.0 159.5
90748.1 14.5 -17.6 306.4 -6.9 35777.3 0.4 159.0
90749.4 14.5 -12.0 306.3 -4.8 35777.3 -0.5 158.5
90751.1 14.5 -5.8 306.3 -2.1 35777.3 -1.5 158.0
90748.8 14.5 -13.0 306.3 -4.2 35777.3 -0.4 157.5
90750.4 14.5 -6.9 306.2 -3.2 35777.3 -1.3 157.0
90747.5 14.5 -16.3 306.2 -5.3 35777.3 0.1 156.5
90744.0 14.5 -26.9 306.1 -6.3 35777.3 1.6 156.0
90743.3 14.5 -27.6 306.1 -5.2 35777.3 1.7 155.6
90744.6 14.5 -21.5 306.0 -4.8 35777.3 0.8 155.1
90742.5 14.5 -26.9 306.0 -5.3 35777.3 1.6 154.6
90744.9 14.5 -17.4 306.0 -5.4 35777.3 0.2 154.1
90747.8 14.5 -6.9 305.9 -1.3 35777.3 -1.4 153.7
90748.0 14.5 -5.6 305.9 -3.6 35777.3 -1.6 153.2
90747.9 14.5 -5.6 305.8 -2.1 35777.3 -1.6 152.7
90746.5 14.5 -10.0 305.8 -3.5 35777.3 -0.9 152.3
90745.2 14.5 -13.8 305.8 -3.9 35777.3 -0.4 151.8
90743.8 14.5 -17.4 305.7 -5.8 35777.3 0.1 151.4
90743.4 14.5 -17.7 305.7 -5.0 35777.3 0.1 150.9
90742.3 14.5 -20.3 305.6 -5.5 35777.3 0.5 150.5
90741.3 14.5 -22.3 305.6 -5.3 35777.3 0.8 150.0
90744.0 14.5 -12.0 305.6 -3.3 35777.3 -0.7 149.6
90747.8 14.5 1.2 305.5 -0.2 35777.3 -2.6 149.1
90750.1 14.5 8.9 305.5 -0.3 35777.3 -3.7 148.7
90750.2 14.5 8.3 305.5 -1.1 35777.3 -3.6 148.3
90749.8 14.5 6.6 305.4 -1.5 35777.3 -3.4 147.8
90750.7 14.5 9.0 305.4 -0.5 35777.3 -3.7 147.4
90751.5 14.5 11.0 305.3 0.4 35777.3 -4.0 147.0
90750.5 14.5 7.2 305.3 -1.1 35777.3 -3.5 146.6
90751.8 14.5 10.9 305.3 0.7 35777.3 -4.0 146.1
90750.2 14.5 4.9 305.2 -0.0 35777.3 -3.2 145.7
90746.9 14.5 -6.4 305.2 -2.4 35777.3 -1.6 145.3
90747.3 14.5 -4.7 305.2 -2.9 35777.3 -1.8 144.9
90745.3 14.5 -10.9 305.1 -4.1 35777.3 -1.0 144.5
90745.2 14.5 -10.6 305.1 -5.0 35777.3 -1.0 144.1
90746.3 14.5 -6.3 305.1 -3.9 35777.3 -1.6 143.6
90746.1 14.5 -6.9 305.0 -3.2 35777.3 -1.6 143.2
90745.1 14.5 -9.7 305.0 -4.3 35777.3 -1.2 142.8
90746.1 14.5 -5.8 304.9 -2.2 35777.3 -1.8 142.4
90745.9 14.5 -6.2 304.9 -3.6 35777.3 -1.7 142.0
90746.6 14.5 -3.4 304.9 -3.4 35777.3 -2.1 141.6
90747.5 14.5 -0.5 304.8 -1.5 35777.3 -2.5 141.2
90749.0 14.5 4.5 304.8 -0.9 35777.3 -3.2 140.9
90752.2 14.5 14.8 304.8 1.5 35777.3 -4.6 140.5
90751.9 14.5 13.0 304.7 0.3 35777.3 -4.3 140.1
90752.4 14.5 13.8 304.7 0.2 35777.3 -4.4 139.7
90752.2 14.5 12.3 304.7 -0.5 35777.3 -4.2 139.3
90750.7 14.5 6.5 304.6 -1.5 35777.3 -3.5 138.9
90751.9 14.5 9.7 304.6 -1.2 35777.3 -3.9 138.5
90753.9 14.5 15.7 304.6 1.6 35777.3 -4.7 138.2
90754.5 14.5 16.8 304.5 0.2 35777.3 -4.8 137.8
90752.9 14.5 10.5 304.5 -0.7 35777.3 -4.0 137.4
90753.2 14.5 10.8 304.5 -0.5 35777.3 -4.0 137.0
90752.6 14.5 7.9 304.4 -0.6 35777.3 -3.6 136.7
90755.4 14.5 16.7 304.4 0.7 35777.3 -4.8 136.3
90753.0 14.5 7.7 304.4 -3.5 35777.3 -3.6 135.9
90751.6 14.5 2.4 304.3 -2.6 35777.3 -2.9 135.6
90754.7 14.5 12.4 304.3 0.8 35777.3 -4.3 135.2
90754.9 14.5 12.5 304.3 0.2 35777.3 -4.3 134.9
90755.9 14.5 14.8 304.3 0.8 35777.3 -4.6 134.5
90754.5 14.5 9.2 304.2 0.8 35777.3 -3.8 134.1
90754.5 14.5 8.5 304.2 1.9 35777.3 -3.7 133.8
90752.9 14.4 2.7 304.2 -11.0 35777.3 -3.0 133.4
90755.3 14.4 10.5 304.1 -2.4 35777.3 -4.0 133.1
90754.9 14.4 8.2 304.1 -3.0 35777.3 -3.7 132.7
90750.0 14.4 -8.5 304.1 0.6 35777.3 -1.6 132.4
90749.5 14.4 -9.7 304.0 -7.0 35777.3 -1.5 132.1
90749.0 14.4 -10.7 304.0 -5.8 35777.3 -1.4 131.7
90750.3 14.4 -6.0 304.0 -11.2 35777.3 -2.0 131.4
90754.3 14.4 7.7 304.0 2.9 35777.3 -3.7 131.0
90754.9 14.4 9.2 303.9 1.0 35777.3 -3.9 130.7
90754.9 14.4 8.4 303.9 12.3 35777.3 -3.8 130.4
90757.4 14.4 16.5 303.9 4.4 35777.3 -4.8 130.0
90759.1 14.4 21.2 303.8 12.6 35777.3 -5.3 129.7
90759.4 14.4 21.4 303.8 86.3 35777.3 -5.3 129.4
90758.2 14.4 18.3 303.8 166.5 35777.3 -4.6 129.0
90756.4 14.4 14.5 303.8 152.7 35777.3 -3.7 128.7
90756.7 14.4 17.6 303.7 195.4 35777.3 -3.7 128.4
90754.9 14.4 15.7 303.7 370.2 35777.3 -2.8 128.1
90754.3 14.4 20.5 303.7 453.2 35777.3 -2.4 127.7
90753.4 14.4 25.1 303.6 486.9 35777.3 -1.8 127.4
90754.1 14.4 36.2 303.6 605.3 35777.3 -1.9 127.1
90756.5 14.4 53.6 303.6 615.0 35777.3 -2.5 126.8
90757.5 14.4 64.8 303.6 567.1 35777.3 -2.4 126.5
90760.7 14.4 82.3 303.5 588.9 35777.3 -3.1 126.2
90762.4 14.4 93.5 303.5 548.0 35777.3 -3.1 125.8
90760.6 14.4 92.5 303.5 601.7 35777.3 -1.6 125.5
90762.8 14.4 105.6 303.4 672.2 35777.3 -1.7 125.2
90763.0 14.4 112.0 303.4 626.8 35777.3 -0.8 124.9
90762.8 14.4 115.0 303.4 498.4 35777.3 0.2 124.6
90763.9 14.4 119.7 303.4 338.6 35777.3 0.7 124.3
90766.8 14.4 126.8 303.3 202.1 35777.3 0.5 124.0
90771.0 14.4 136.6 303.3 241.5 35777.3 -0.2 123.7
90776.7 14.4 150.9 303.3 232.6 35777.3 -1.3 123.4
90784.1 14.4 170.1 303.3 250.8 35777.3 -3.0 123.1
90788.1 14.4 177.0 303.2 273.6 35777.3 -3.2 122.8
90792.6 14.4 186.0 303.2 357.3 35777.3 -3.6 122.5
90796.8 14.4 194.7 303.2 370.4 35777.3 -3.7 122.2
90801.4 14.4 203.4 303.2 267.9 35777.3 -4.0 121.9
90806.0 14.4 208.9 303.1 64.1 35777.3 -4.2 121.6
90811.2 14.4 212.4 303.1 -44.8 35777.3 -4.6 121.3
90817.2 14.4 217.6 303.1 -0.9 35777.3 -5.2 121.1
90819.9 14.4 212.2 303.1 -15.3 35777.3 -4.6 120.8
90824.4 14.4 212.7 303.0 -6.6 35777.3 -4.7 120.5
90827.1 14.4 207.4 303.0 -29.6 35777.3 -4.1 120.2
90834.3 14.4 215.9 303.0 -171.6 35777.3 -5.3 119.9
90835.8 14.4 202.4 303.0 -262.2 35777.3 -4.2 119.6
90840.5 14.4 200.7 302.9 -129.0 35777.3 -4.5 119.4
90842.9 14.4 193.0 302.9 -95.7 35777.3 -3.9 119.1
90844.1 14.4 182.5 302.9 -94.1 35777.3 -2.9 118.8
90848.7 14.4 183.8 302.9 -105.1 35777.3 -3.3 118.5
90855.0 14.4 190.2 302.8 -115.4 35777.3 -4.3 118.2
90861.6 14.4 196.5 302.8 -181.4 35777.3 -5.3 118.0
90864.8 14.4 189.6 302.8 -322.4 35777.3 -5.1 117.7
90866.4 14.4 175.9 302.8 -371.3 35777.3 -4.3 117.4
90870.7 14.4 172.3 302.7 -235.1 35777.3 -4.6 117.2
90872.1 14.4 162.8 302.7 12.7 35777.3 -3.8 116.9
90873.2 14.4 157.1 302.7 173.8 35777.3 -3.0 116.6
90875.1 14.4 156.3 302.7 149.9 35777.3 -2.5 116.4
90877.6 14.4 156.0 302.7 -7.1 35777.3 -2.3 116.1
90881.7 14.4 157.8 302.6 -179.1 35777.3 -2.7 115.8
90883.2 14.4 147.8 302.6 -349.9 35777.3 -2.1 115.6
90887.6 14.4 145.4 302.6 -354.5 35777.3 -2.6 115.3
90890.0 14.4 138.4 302.6 -177.5 35777.3 -2.5 115.0
90889.8 14.4 125.9 302.5 -72.7 35777.3 -1.4 114.8
90893.1 14.4 125.6 302.5 -270.5 35777.3 -1.7 114.5
90895.7 14.4 119.3 302.5 -455.9 35777.3 -1.8 114.3
90896.5 14.4 105.8 302.5 -408.9 35777.3 -1.2 114.0
90899.0 14.4 99.9 302.4 -288.3 35777.3 -1.4 113.8
90898.2 14.4 85.3 302.4 -262.9 35777.3 -0.4 113.5
90899.1 14.4 77.7 302.4 -264.6 35777.3 -0.1 113.3
90898.9 14.4 66.9 302.4 -236.8 35777.3 0.5 113.0
90898.5 14.4 56.6 302.4 -225.1 35777.3 1.1 112.8
90899.5 14.4 52.5 302.3 -153.2 35777.3 1.1 112.5
90901.4 14.4 52.3 302.3 -158.0 35777.3 0.8 112.3
90901.3 14.4 45.2 302.3 -188.5 35777.3 1.2 112.0
90899.1 14.4 31.8 302.3 -155.8 35777.3 2.3 111.8
90902.9 14.4 39.1 302.3 -143.9 35777.3 1.2 111.5
90905.9 14.4 43.4 302.2 -150.6 35777.3 0.4 111.3
90905.9 14.4 37.3 302.2 -205.0 35777.3 0.7 111.0
90906.9 14.4 33.3 302.2 -318.1 35777.3 0.6 110.8
90909.1 14.4 31.6 302.2 -406.2 35777.3 -0.0 110.6
90913.5 14.4 36.4 302.1 -385.3 35777.3 -1.4 110.3
90917.0 14.4 38.7 302.1 -313.6 35777.3 -2.4 110.1
90914.4 14.4 22.6 302.1 -165.9 35777.3 -1.2 109.8
90916.0 14.4 23.0 302.1 -151.6 35777.3 -1.6 109.6
90914.2 14.4 13.3 302.1 -77.4 35777.3 -0.8 109.4
90912.2 14.4 3.6 302.0 -187.4 35777.3 -0.0 109.1
90911.0 14.4 -4.7 302.0 -252.2 35777.3 0.4 108.9
90910.0 14.4 -12.4 302.0 -250.4 35777.3 0.7 108.7
90911.7 14.4 -12.5 302.0 -435.5 35777.3 -0.0 108.5
90912.3 14.4 -16.3 302.0 -199.7 35777.3 -0.3 108.2
90912.8 14.4 -17.1 301.9 -150.8 35777.3 -0.6 108.0
90911.9 14.4 -22.4 301.9 -210.4 35777.3 -0.4 107.8
90910.2 14.4 -31.0 301.9 -297.7 35777.3 -0.1 107.5
90912.9 14.4 -26.6 301.9 -357.4 35777.3 -1.2 107.3
90915.1 14.4 -24.5 301.9 -375.2 35777.3 -2.2 107.1
90915.3 14.4 -27.2 301.8 -92.1 35777.3 -2.4 106.9
90915.2 14.4 -27.6 301.8 -74.8 35777.3 -2.6 106.6
90910.8 14.4 -41.9 301.8 -114.8 35777.3 -1.3 106.4
90908.0 14.4 -51.2 301.8 -202.9 35777.3 -0.6 106.2
90908.4 14.4 -51.6 301.8 -342.5 35777.3 -1.1 106.0
90908.5 14.4 -56.1 301.8 -578.7 35777.3 -1.5 105.8
90906.9 14.4 -68.2 301.7 -481.5 35777.3 -1.4 105.5
90907.9 14.4 -68.0 301.7 -269.0 35777.3 -2.2 105.3
90906.2 14.4 -72.9 301.7 -81.0 35777.3 -2.1 105.1
90905.3 14.4 -73.2 301.7 -118.4 35777.3 -2.3 104.9
90901.3 14.4 -84.0 301.7 -152.9 35777.3 -1.5 104.7
90899.2 14.4 -87.6 301.6 -42.9 35777.3 -1.3 104.5
90898.9 14.4 -82.9 301.6 40.9 35777.3 -1.8 104.3
90896.0 14.4 -86.1 301.6 37.4 35777.3 -1.4 104.0
90897.1 14.4 -75.8 301.6 111.9 35777.3 -2.3 103.8
90896.4 14.4 -70.1 301.6 240.1 35777.3 -2.6 103.6
90896.2 14.4 -61.0 301.5 287.9 35777.3 -3.0 103.4
90897.3 14.4 -47.7 301.5 288.1 35777.3 -3.7 103.2
90897.1 14.4 -40.5 301.5 197.6 35777.3 -3.9 103.0
90896.2 14.4 -38.2 301.5 -2.3 35777.3 -3.9 102.8
90894.9 14.4 -41.0 301.5 -126.5 35777.3 -3.8 102.6
90892.9 14.4 -46.8 301.5 -31.1 35777.3 -3.4 102.4
90891.2 14.4 -48.8 301.4 84.6 35777.3 -3.1 102.2
90890.8 14.4 -45.9 301.4 9.2 35777.3 -3.3 102.0
90892.1 14.4 -39.9 301.4 -155.6 35777.3 -4.0 101.8
90888.7 14.4 -53.0 301.4 -369.4 35777.3 -3.2 101.6
90887.3 14.4 -62.3 301.4 -537.6 35777.3 -3.1 101.4
90884.2 14.4 -79.1 301.3 -557.5 35777.3 -2.6 101.2
90885.9 14.4 -77.7 301.3 -378.5 35777.3 -3.7 101.0
90886.7 14.4 -76.7 301.3 -281.2 35777.3 -4.4 100.8
90886.2 14.4 -79.8 301.3 -462.6 35777.3 -4.8 100.6
90885.2 14.4 -88.8 301.3 -702.7 35777.3 -5.0 100.4
90883.8 14.4 -101.8 301.3 -793.8 35777.3 -5.2 100.2
90879.5 14.4 -123.6 301.2 -672.8 35777.3 -4.5 100.0
90877.8 14.4 -132.2 301.2 -407.9 35777.3 -4.8 99.8
90875.2 14.4 -138.2 301.2 -182.8 35777.3 -4.8 99.6
90873.1 14.4 -140.0 301.2 -222.4 35777.3 -5.0 99.4
90872.9 14.4 -136.9 301.2 -397.0 35777.3 -5.9 99.2
90870.6 14.4 -143.3 301.2 -403.0 35777.3 -6.0 99.0
90866.1 14.4 -155.5 301.1 -294.6 35777.3 -5.6 98.8
90863.8 14.4 -160.5 301.1 -534.1 35777.3 -5.8 98.6
90861.1 14.4 -168.6 301.1 -476.8 35777.3 -6.0 98.5
90856.5 14.4 -179.4 301.1 -163.7 35777.3 -5.7 98.3
90852.7 14.4 -183.8 301.1 -199.7 35777.3 -5.6 98.1
90850.2 14.4 -185.0 301.1 -349.4 35777.3 -6.0 97.9
90845.9 14.4 -192.6 301.0 -204.3 35777.3 -5.8 97.7
90843.6 14.4 -184.9 301.0 633.9 35777.3 -6.3 97.5
90837.5 14.4 -175.9 301.0 1276.0 35777.3 -5.5 97.3
90830.7 14.4 -163.2 301.0 1108.7 35777.3 -4.4 97.2
90826.0 14.4 -151.6 301.0 450.2 35777.3 -3.9 97.0
90824.3 14.4 -142.4 301.0 -75.1 35777.3 -4.3 96.8
90820.7 14.4 -147.2 301.0 -220.4 35777.3 -4.1 96.6
90818.9 14.4 -146.7 300.9 -65.1 35777.3 -4.4 96.4
90816.1 14.4 -144.8 300.9 294.6 35777.3 -4.5 96.2
90817.1 14.4 -124.9 300.9 477.7 35777.3 -5.6 96.1
90811.0 14.4 -127.6 300.9 461.9 35777.3 -4.5 95.9
90806.9 14.4 -124.4 300.9 371.2 35777.3 -4.0 95.7
90803.6 14.4 -121.0 300.9 234.7 35777.3 -3.7 95.5
90800.0 14.4 -121.4 300.8 97.8 35777.3 -3.4 95.4
90798.7 14.4 -115.8 300.8 90.6 35777.3 -3.7 95.2
90795.4 14.4 -116.3 300.8 203.8 35777.3 -3.4 95.0
90790.9 14.4 -118.3 300.8 397.7 35777.3 -2.7 94.8
90787.2 14.4 -113.8 300.8 525.1 35777.3 -2.3 94.7
90784.7 14.4 -104.9 300.8 482.3 35777.3 -2.2 94.5
90782.0 14.4 -98.5 300.8 347.9 35777.3 -2.0 94.3
90780.4 14.4 -92.4 300.7 93.7 35777.3 -2.1 94.1
90779.4 14.4 -88.4 300.7 -6.1 35777.3 -2.3 94.0
90777.2 14.4 -89.7 300.7 17.6 35777.3 -2.2 93.8
90775.9 14.4 -87.5 300.7 83.7 35777.3 -2.3 93.6
90772.7 14.4 -89.4 300.7 236.2 35777.3 -1.9 93.5
90772.2 14.4 -80.5 300.7 260.3 35777.3 -2.3 93.3
90771.5 14.4 -73.1 300.6 169.9 35777.3 -2.5 93.1
90772.1 14.4 -64.2 300.6 25.1 35777.3 -3.1 92.9
90770.0 14.4 -67.0 300.6 -53.0 35777.3 -2.9 92.8
90767.6 14.4 -70.7 300.6 40.2 35777.3 -2.6 92.6
90764.8 14.4 -72.8 300.6 273.5 35777.3 -2.2 92.4
90762.5 14.4 -69.7 300.6 346.3 35777.3 -1.9 92.3
90760.9 14.4 -64.1 300.6 285.8 35777.3 -1.8 92.1
90759.2 14.4 -60.9 300.5 147.3 35777.3 -1.7 92.0
90754.4 14.4 -70.5 300.5 54.5 35777.3 -0.6 91.8
90754.3 14.4 -65.3 300.5 20.2 35777.3 -1.0 91.6
90752.7 14.4 -66.3 300.5 -5.3 35777.3 -0.9 91.5
90751.6 14.4 -65.3 300.5 58.1 35777.3 -1.0 91.3
90751.8 14.4 -58.1 300.5 190.7 35777.3 -1.4 91.1
90749.6 14.4 -57.2 300.5 252.8 35777.3 -1.1 91.0
90746.6 14.4 -59.3 300.4 169.5 35777.3 -0.5 90.8
90746.4 14.4 -53.1 300.4 101.8 35777.3 -0.8 90.7
90746.9 14.4 -46.3 300.4 70.7 35777.3 -1.3 90.5
90747.7 14.4 -39.5 300.4 53.5 35777.3 -1.8 90.3
90744.4 14.4 -46.5 300.4 76.9 35777.3 -1.0 90.2
90743.8 14.4 -43.6 300.4 114.4 35777.3 -1.1 90.0
90744.7 14.4 -35.2 300.4 149.2 35777.3 -1.6 89.9
90747.3 14.4 -21.1 300.4 219.1 35777.3 -2.6 89.7
90749.2 14.4 -8.5 300.3 301.7 35777.3 -3.2 89.6
90749.0 14.4 -2.7 300.3 331.3 35777.3 -3.2 89.4
90751.0 14.4 10.7 300.3 345.3 35777.3 -3.8 89.3
90752.9 14.4 23.1 300.3 356.3 35777.3 -4.2 89.1
90752.1 14.4 26.0 300.3 394.5 35777.3 -3.8 88.9
90753.1 14.4 35.5 300.3 429.2 35777.3 -4.0 88.8
90753.9 14.4 44.4 300.3 468.3 35777.3 -4.0 88.6
90754.9 14.4 53.8 300.2 468.8 35777.3 -4.0 88.5
90757.0 14.4 66.1 300.2 446.5 35777.3 -4.2 88.3
90756.7 14.4 69.0 300.2 402.9 35777.3 -3.7 88.2
90758.0 14.4 76.4 300.2 373.9 35777.3 -3.7 88.0
90761.0 14.4 88.5 300.2 390.6 35777.3 -4.1 87.9
90763.4 14.4 97.9 300.2 345.5 35777.3 -4.3 87.7
90764.0 14.4 99.3 300.2 261.4 35777.3 -3.8 87.6
90766.8 14.4 106.7 300.2 196.0 35777.3 -4.1 87.4
90770.0 14.4 113.3 300.1 133.0 35777.3 -4.3 87.3
90771.0 14.4 111.5 300.1 72.7 35777.3 -4.0 87.1
90773.5 14.4 114.0 300.1 119.5 35777.3 -4.1 87.0
90778.1 14.4 124.4 300.1 185.5 35777.3 -4.7 86.9
90782.0 14.4 132.6 300.1 183.7 35777.3 -5.1 86.7
90785.8 14.4 139.4 300.1 114.3 35777.3 -5.4 86.6
90786.2 14.4 133.4 300.1 37.3 35777.3 -4.7 86.4
90788.8 14.4 133.1 300.1 -45.9 35777.3 -4.7 86.3
90791.0 14.4 130.3 300.0 -120.0 35777.3 -4.6 86.1
90792.3 14.4 123.5 300.0 -146.0 35777.3 -4.2 86.0
90794.4 14.4 119.6 300.0 -138.9 35777.3 -4.2 85.8
90794.2 14.4 108.2 300.0 -150.0 35777.3 -3.4 85.7
90798.7 14.4 112.6 300.0 -185.1 35777.3 -4.1 85.6
90802.5 14.4 114.5 300.0 -127.5 35777.3 -4.5 85.4
90804.2 14.4 110.4 300.0 -92.0 35777.3 -4.4 85.3
90807.0 14.4 110.5 300.0 -126.7 35777.3 -4.5 85.1
90808.7 14.4 105.8 299.9 -195.0 35777.3 -4.4 85.0
90812.8 14.4 107.6 299.9 -322.4 35777.3 -5.0 84.9
90814.3 14.3 98.5 299.9 -416.6 35777.3 -4.8 84.7
90816.3 14.3 90.6 299.9 -403.5 35777.3 -4.8 84.6
90819.2 14.3 87.0 299.9 -333.5 35777.3 -5.2 84.5
90822.4 14.3 86.1 299.9 -196.7 35777.3 -5.5 84.3
90822.0 14.3 76.0 299.9 -126.6 35777.3 -5.0 84.2
90823.9 14.3 75.2 299.9 -88.1 35777.3 -5.1 84.0
90827.2 14.3 79.1 299.8 -91.8 35777.3 -5.6 83.9
90830.2 14.3 82.0 299.8 -103.7 35777.3 -6.0 83.8
90832.3 14.3 81.6 299.8 -102.4 35777.3 -6.1 83.6
90830.8 14.3 69.6 299.8 -70.7 35777.3 -5.3 83.5
90830.2 14.3 62.1 299.8 7.4 35777.3 -4.7 83.4
90832.0 14.3 64.1 299.8 13.3 35777.3 -4.9 83.2
90831.9 14.3 59.4 299.8 -51.0 35777.3 -4.5 83.1
90832.1 14.3 54.8 299.8 -112.0 35777.3 -4.3 83.0
90836.0 14.3 61.8 299.8 -122.9 35777.3 -5.0 82.8
90834.9 14.3 52.3 299.7 -64.3 35777.3 -4.4 82.7
90834.7 14.3 47.0 299.7 -20.5 35777.3 -4.1 82.6
