90741.0 90741.0 -0.0
90742.0 90741.4 0.0
90741.0 90741.3 -0.1
90746.0 90742.4 0.3
90734.0 90740.8 -1.0
90743.0 90741.1 -0.6
90736.0 90740.4 -1.5
90727.0 90738.5 -4.3
90751.0 90740.0 -0.9
90754.0 90741.7 3.0
90777.0 90745.9 13.1
90734.0 90744.8 8.1
90741.0 90744.5 7.5
90748.0 90745.0 8.4
90732.0 90743.7 3.0
90749.0 90744.3 4.8
90773.0 90747.8 15.9
90751.0 90748.4 16.8
90740.0 90747.7 13.2
90747.0 90747.9 12.9
90750.0 90748.4 13.4
90762.0 90750.2 18.3
90737.0 90749.0 13.4
90744.0 90748.6 11.4
90743.0 90748.2 9.3
90746.0 90748.1 8.4
90757.0 90749.2 11.2
90735.0 90747.8 6.5
90759.0 90749.2 9.8
90734.0 90747.7 5.1
90749.0 90747.9 5.3
90742.0 90747.4 3.4
90751.0 90747.8 4.3
90741.0 90747.2 2.3
90750.0 90747.5 2.8
90743.0 90747.1 1.5
90742.0 90746.6 0.1
90730.0 90744.9 -4.3
90751.0 90745.4 -3.0
90736.0 90744.4 -5.5
90722.0 90742.1 -11.1
90755.0 90743.2 -8.3
90745.0 90743.2 -8.1
90756.0 90744.3 -5.4
90718.0 90741.7 -11.6
90769.0 90744.1 -5.7
90748.0 90744.3 -4.9
90739.0 90743.8 -6.3
90758.0 90745.0 -3.3
90760.0 90746.3 -0.1
90716.0 90743.5 -6.9
90762.0 90745.1 -3.0
90740.0 90744.6 -4.2
90752.0 90745.2 -2.7
90739.0 90744.6 -4.1
90761.0 90746.0 -0.7
90749.0 90746.2 -0.0
90767.0 90748.1 4.4
90759.0 90749.2 6.8
90734.0 90748.0 3.6
90751.0 90748.3 4.3
90772.0 90750.5 9.4
90743.0 90750.0 7.9
90746.0 90749.8 7.2
90750.0 90749.9 7.3
90744.0 90749.5 6.1
90753.0 90750.0 6.8
90746.0 90749.7 6.1
90744.0 90749.3 4.9
90745.0 90749.0 4.1
90742.0 90748.5 2.7
90749.0 90748.6 2.8
90746.0 90748.4 2.2
90736.0 90747.3 -0.3
90752.0 90747.8 0.6
90750.0 90748.0 1.0
90750.0 90748.1 1.3
90784.0 90751.3 8.3
90771.0 90753.2 12.1
90727.0 90751.1 7.3
90746.0 90750.8 6.4
90765.0 90752.1 9.0
90767.0 90753.6 11.9
90743.0 90752.9 10.1
90758.0 90753.5 11.1
90729.0 90751.6 6.8
90749.0 90751.5 6.4
90752.0 90751.7 6.5
90748.0 90751.5 5.9
90768.0 90753.0 8.7
90738.0 90751.9 6.3
90748.0 90751.7 5.6
90740.0 90750.9 3.7
90731.0 90749.3 0.6
90744.0 90748.9 -0.3
90751.0 90749.1 -0.1
90766.0 90750.4 2.5
90766.0 90751.7 4.8
90767.0 90753.0 7.1
90758.0 90753.5 7.9
90758.0 90754.0 8.6
90772.0 90755.5 11.3
90796.0 90758.8 17.2
90758.0 90759.1 17.2
90734.0 90757.5 13.8
90756.0 90757.6 13.6
90744.0 90756.9 11.8
90769.0 90758.0 13.7
90757.0 90758.2 13.5
90748.0 90757.7 12.4
90778.0 90759.4 15.0
90752.0 90759.1 14.3
90779.0 90760.8 16.8
90764.0 90761.4 17.4
90733.0 90759.7 14.0
90753.0 90759.5 13.3
90753.0 90759.3 12.6
90760.0 90759.5 12.8
90737.0 90758.2 10.2
90753.0 90758.0 9.6
90760.0 90758.4 9.9
90742.0 90757.4 8.1
90751.0 90757.1 7.5
90762.0 90757.6 8.0
90750.0 90757.2 7.2
90767.0 90758.0 8.3
90780.0 90759.6 10.6
90756.0 90759.6 10.3
90740.0 90758.5 8.3
90769.0 90759.3 9.4
90763.0 90759.8 9.8
90753.0 90759.5 9.2
90759.0 90759.6 9.2
90754.0 90759.4 8.6
90764.0 90759.9 9.1
90755.0 90759.8 8.7
90736.0 90758.4 6.4
90757.0 90758.5 6.3
90754.0 90758.3 5.9
90744.0 90757.5 4.6
90758.0 90757.6 4.6
90735.0 90756.3 2.6
90762.0 90756.7 3.0
90740.0 90755.8 1.5
90771.0 90756.7 2.8
90764.0 90757.2 3.3
90769.0 90758.0 4.3
90742.0 90757.1 2.9
90733.0 90755.8 0.9
90766.0 90756.4 1.6
90761.0 90756.7 2.0
90751.0 90756.4 1.5
90747.0 90755.9 0.7
90775.0 90757.0 2.1
90762.0 90757.3 2.5
90722.0 90755.3 -0.3
90769.0 90756.1 0.6
90756.0 90756.1 0.6
90767.0 90756.7 1.3
90761.0 90757.0 1.6
90739.0 90756.0 0.2
90756.0 90756.0 0.1
90750.0 90755.7 -0.4
90756.0 90755.7 -0.4
90761.0 90756.0 -0.1
90756.0 90756.0 -0.2
90749.0 90755.6 -0.7
90756.0 90755.6 -0.8
90751.0 90755.3 -1.2
90758.0 90755.5 -1.1
90755.0 90755.4 -1.1
90740.0 90754.6 -2.3
90746.0 90754.1 -3.0
90785.0 90755.6 -0.9
90750.0 90755.3 -1.4
90746.0 90754.8 -2.1
90732.0 90753.6 -3.7
90755.0 90753.6 -3.7
90738.0 90752.7 -4.9
90745.0 90752.2 -5.5
90771.0 90753.1 -4.3
90759.0 90753.3 -4.0
90773.0 90754.3 -2.8
90768.0 90754.9 -1.9
90761.0 90755.2 -1.6
90751.0 90755.0 -1.9
90761.0 90755.2 -1.6
90760.0 90755.5 -1.3
90775.0 90756.4 -0.1
90749.0 90756.1 -0.6
90733.0 90754.9 -2.2
90754.0 90754.8 -2.3
90744.0 90754.2 -3.1
90746.0 90753.7 -3.7
90749.0 90753.4 -4.1
90754.0 90753.3 -4.2
90727.0 90751.9 -6.0
90775.0 90753.0 -4.6
90768.0 90753.7 -3.7
90761.0 90754.0 -3.3
90773.0 90754.9 -2.1
90742.0 90754.2 -2.9
90747.0 90753.8 -3.5
90737.0 90752.9 -4.6
90772.0 90753.7 -3.4
90757.0 90753.8 -3.3
90737.0 90752.9 -4.4
90728.0 90751.6 -6.1
90766.0 90752.2 -5.3
90747.0 90751.8 -5.7
90759.0 90752.1 -5.3
90745.0 90751.6 -5.9
90755.0 90751.7 -5.7
90729.0 90750.4 -7.3
90762.0 90750.9 -6.6
90765.0 90751.4 -5.8
90733.0 90750.4 -7.1
90764.0 90751.0 -6.3
90727.0 90749.6 -7.9
90721.0 90748.1 -9.8
90742.0 90747.6 -10.2
90758.0 90747.9 -9.7
90731.0 90746.9 -10.8
90766.0 90747.6 -9.7
90771.0 90748.6 -8.4
90751.0 90748.5 -8.3
90748.0 90748.4 -8.4
90737.0 90747.6 -9.2
90737.0 90746.9 -10.0
90736.0 90746.2 -10.7
90743.0 90745.9 -11.0
90737.0 90745.2 -11.7
90737.0 90744.6 -12.3
90767.0 90745.4 -11.0
90777.0 90746.8 -9.2
90767.0 90747.6 -8.0
90749.0 90747.5 -8.1
90746.0 90747.3 -8.2
90756.0 90747.6 -7.8
90756.0 90747.8 -7.3
90742.0 90747.4 -7.7
90760.0 90747.9 -7.0
90737.0 90747.2 -7.7
90722.0 90745.8 -9.2
90751.0 90745.9 -9.0
90732.0 90745.1 -9.9
90746.0 90744.9 -9.9
90756.0 90745.3 -9.4
90745.0 90745.1 -9.5
90739.0 90744.6 -9.9
90755.0 90744.9 -9.4
90745.0 90744.8 -9.4
90753.0 90745.0 -9.0
90754.0 90745.2 -8.6
90760.0 90745.8 -7.8
90775.0 90747.0 -6.2
90748.0 90747.0 -6.1
90754.0 90747.2 -5.8
90749.0 90747.2 -5.7
90738.0 90746.6 -6.2
90759.0 90747.1 -5.6
90767.0 90747.9 -4.5
90757.0 90748.3 -4.0
90739.0 90747.8 -4.5
90754.0 90748.0 -4.2
90746.0 90747.8 -4.3
90775.0 90749.0 -2.8
90733.0 90748.2 -3.7
90740.0 90747.7 -4.2
90777.0 90749.0 -2.6
90755.0 90749.2 -2.3
90761.0 90749.8 -1.6
90742.0 90749.4 -2.0
90753.0 90749.5 -1.8
90740.0 90749.0 -2.2
90773.0 90750.1 -1.2
90750.0 90750.1 -1.2
90713.0 90748.3 -3.2
90747.0 90748.2 -3.1
90747.0 90748.1 -3.3
90761.0 90748.6 -2.7
90785.0 90750.3 -1.0
90758.0 90750.6 -0.4
90753.0 90750.7 -0.2
90775.0 90751.8 1.4
90769.0 90752.6 2.4
90758.0 90752.9 3.0
90746.0 90752.7 4.5
90741.0 90752.3 6.6
90756.0 90752.6 10.1
90739.0 90752.2 13.1
90747.0 90752.3 17.9
90743.0 90752.2 22.7
90755.0 90752.9 31.3
90768.0 90754.6 47.1
90756.0 90755.7 57.4
90774.0 90758.7 83.0
90762.0 90760.6 95.8
90733.0 90758.5 69.2
90764.0 90760.7 86.1
90748.0 90759.9 73.6
90744.0 90758.0 53.3
90755.0 90758.2 51.8
90770.0 90761.4 69.5
90783.0 90767.2 103.5
90798.0 90775.6 147.3
90816.0 90786.6 199.9
90792.0 90791.0 207.0
90799.0 90796.0 217.6
90800.0 90800.3 223.9
90806.0 90805.0 230.0
90810.0 90809.6 227.8
90818.0 90814.9 231.0
90830.0 90821.4 238.9
90808.0 90822.9 224.7
90826.0 90827.2 223.3
90816.0 90829.0 212.4
90857.0 90837.2 227.1
90815.0 90837.4 208.4
90846.0 90842.2 209.0
90831.0 90844.0 199.0
90825.0 90844.6 185.5
90856.0 90849.4 187.5
90874.0 90856.1 195.2
90882.0 90863.0 202.6
90860.0 90866.1 195.8
90851.0 90867.4 182.5
90877.0 90871.8 181.2
90857.0 90873.1 174.0
90857.0 90874.1 166.4
90866.0 90875.9 163.3
90873.0 90878.4 160.4
90889.0 90882.5 163.0
90872.0 90883.9 153.2
90898.0 90888.4 154.6
90887.0 90890.9 150.1
90868.0 90890.4 134.8
90899.0 90893.9 137.4
90897.0 90896.7 135.5
90886.0 90897.5 124.1
90902.0 90900.2 120.7
90878.0 90899.1 101.7
90894.0 90900.1 92.3
90886.0 90899.7 77.6
90886.0 90899.0 63.2
90899.0 90900.1 59.6
90908.0 90902.2 61.2
90893.0 90901.9 50.7
90877.0 90898.9 29.8
90926.0 90903.5 45.1
90922.0 90907.1 54.1
90900.0 90906.9 45.5
90909.0 90908.0 42.1
90921.0 90910.6 44.6
90942.0 90916.1 58.4
90938.0 90920.4 66.9
90890.0 90916.9 44.2
90924.0 90918.8 45.8
90898.0 90916.3 29.1
90896.0 90913.7 13.6
90902.0 90912.1 2.9
90904.0 90910.8 -6.2
90926.0 90913.0 -1.1
90919.0 90913.9 1.0
90919.0 90914.7 1.8
90908.0 90913.7 -5.4
90902.0 90911.8 -16.6
90937.0 90915.3 -5.7
90936.0 90918.2 1.8
90921.0 90918.8 6.5
90918.0 90918.8 6.2
90883.0 90913.5 -17.5
90894.0 90910.3 -31.5
90919.0 90911.0 -29.5
90918.0 90911.5 -30.0
90904.0 90909.8 -40.5
90926.0 90911.5 -33.2
90904.0 90910.0 -36.4
90909.0 90909.2 -36.6
90883.0 90904.6 -54.7
90896.0 90902.4 -60.6
90910.0 90902.5 -55.1
90887.0 90899.3 -62.6
90917.0 90900.9 -50.7
90902.0 90900.2 -47.1
90905.0 90900.1 -40.3
90914.0 90901.5 -27.8
90902.0 90901.1 -23.6
90896.0 90899.9 -26.7
90891.0 90898.2 -32.5
90884.0 90895.6 -40.5
90886.0 90893.6 -44.9
90895.0 90893.0 -42.8
90908.0 90894.4 -35.2
90870.0 90890.4 -48.9
90886.0 90888.9 -54.4
90871.0 90885.5 -68.4
90911.0 90887.7 -60.2
90904.0 90888.8 -55.1
90895.0 90888.6 -56.7
90890.0 90887.8 -62.0
90888.0 90886.6 -69.2
90864.0 90881.8 -98.9
90884.0 90880.6 -99.8
90876.0 90878.5 -98.8
90878.0 90876.7 -100.3
90893.0 90877.9 -85.1
90874.0 90875.8 -92.7
90855.0 90870.4 -117.1
90870.0 90868.3 -121.5
90866.0 90865.9 -128.7
90848.0 90860.7 -140.0
90851.0 90856.6 -147.5
90859.0 90854.6 -145.3
90842.0 90849.9 -156.6
90855.0 90848.2 -152.2
90818.0 90840.4 -175.2
90805.0 90831.4 -200.5
90814.0 90825.3 -205.7
90834.0 90823.2 -197.6
90816.0 90818.7 -203.7
90827.0 90816.8 -192.6
90817.0 90813.6 -189.3
90845.0 90815.8 -159.9
90784.0 90807.8 -178.6
90795.0 90802.8 -180.7
90797.0 90798.8 -178.7
90791.0 90794.5 -181.4
90807.0 90793.5 -168.2
90788.0 90789.8 -167.9
90774.0 90784.5 -173.5
90777.0 90780.4 -171.5
90782.0 90777.8 -161.7
90777.0 90775.0 -154.0
90783.0 90773.5 -150.3
90786.0 90772.9 -139.4
90774.0 90770.8 -137.4
90779.0 90769.8 -129.3
90762.0 90766.4 -130.8
90781.0 90766.5 -116.4
90778.0 90766.3 -104.7
90787.0 90767.6 -90.5
90764.0 90765.6 -92.1
90760.0 90763.1 -95.1
90754.0 90760.2 -97.8
90756.0 90757.9 -96.1
90759.0 90756.5 -90.3
90756.0 90754.9 -87.6
90728.0 90749.6 -99.2
90764.0 90749.9 -90.4
90750.0 90748.4 -89.2
90753.0 90747.5 -86.3
90763.0 90748.1 -76.6
90742.0 90746.0 -75.7
90732.0 90742.8 -78.3
90754.0 90743.0 -70.4
90758.0 90743.7 -61.4
90760.0 90744.8 -52.3
90726.0 90741.4 -59.0
90746.0 90741.0 -54.8
90758.0 90742.2 -44.7
90771.0 90745.1 -29.0
90766.0 90747.3 -15.7
90748.0 90747.2 -9.8
90766.0 90749.4 5.0
90765.0 90751.5 19.4
90742.0 90750.7 21.2
90756.0 90751.9 32.1
90754.0 90752.8 41.7
90755.0 90753.9 51.6
90764.0 90756.4 68.7
90744.0 90755.6 62.5
90757.0 90756.9 70.0
90771.0 90760.7 92.7
90768.0 90763.6 106.2
90753.0 90763.2 95.3
90773.0 90766.6 108.2
90777.0 90770.4 120.2
90762.0 90770.7 109.9
90775.0 90773.3 113.4
90795.0 90779.3 135.1
90792.0 90784.0 147.5
90794.0 90788.2 155.9
90769.0 90787.3 139.2
90788.0 90789.7 137.9
90788.0 90791.7 133.4
90783.0 90792.4 123.6
90792.0 90794.4 119.1
90775.0 90793.3 103.7
90816.0 90798.5 111.9
90814.0 90802.8 116.3
90800.0 90804.3 111.7
90812.0 90807.3 112.6
90805.0 90808.9 107.7
90828.0 90813.4 111.9
90810.0 90814.8 104.1
90817.0 90816.8 98.0
90828.0 90820.0 96.8
90833.0 90823.5 100.7
90807.0 90823.0 87.7
90827.0 90825.0 87.2
90840.0 90828.6 93.8
90841.0 90832.0 98.6
90836.0 90834.2 97.8
90808.0 90832.1 78.8
90815.0 90830.9 66.7
90836.0 90832.8 69.6
90822.0 90832.4 63.1
90825.0 90832.4 57.2
90857.0 90836.9 67.0
90818.0 90835.4 55.4
90825.0 90834.9 49.3
90845.0 90837.1 53.4
90838.0 90838.1 53.1
90867.0 90842.9 63.6
90838.0 90843.3 59.1
90848.0 90844.9 57.8
90838.0 90845.1 52.3
90830.0 90844.1 43.9
90856.0 90846.3 45.5
90871.0 90850.0 51.5
90847.0 90850.6 47.1
90836.0 90849.7 38.6
90840.0 90849.2 32.3
90855.0 90850.4 32.8
90837.0 90849.5 27.3
90874.0 90852.8 36.3
90876.0 90856.1 44.5
90830.0 90853.9 33.5
90850.0 90854.0 29.8
90891.0 90858.8 40.1
90867.0 90860.4 40.3
90827.0 90857.3 25.5
90843.0 90856.0 17.3
90865.0 90857.4 18.0
90826.0 90854.0 4.1
90825.0 90850.8 -9.3
90846.0 90850.0 -14.3
90854.0 90850.2 -15.8
90830.0 90847.5 -26.2
90868.0 90849.5 -19.6
90847.0 90848.8 -21.6
90843.0 90847.7 -24.2
90854.0 90848.0 -23.0
90864.0 90849.5 -18.8
90849.0 90849.1 -21.8
90851.0 90848.9 -23.2
90863.0 90850.2 -18.6
90870.0 90852.3 -10.6
90857.0 90852.7 -9.4
90844.0 90851.5 -13.4
90845.0 90850.4 -16.1
90817.0 90846.1 -29.0
90838.0 90844.6 -32.1
90856.0 90845.4 -27.9
90849.0 90845.4 -26.0
90833.0 90843.5 -30.6
90814.0 90839.6 -40.4
90863.0 90841.5 -33.1
90839.0 90840.6 -33.8
90866.0 90842.8 -27.3
90853.0 90843.4 -25.4
90843.0 90842.9 -26.4
90847.0 90842.8 -25.9
90827.0 90840.7 -30.0
90824.0 90838.5 -33.9
90845.0 90838.5 -32.7
90853.0 90839.4 -30.1
90815.0 90836.5 -36.2
90850.0 90837.1 -35.0
90821.0 90834.9 -38.8
90836.0 90834.3 -38.2
90822.0 90832.5 -39.9
90832.0 90831.7 -39.9
90830.0 90830.9 -41.0
90851.0 90831.9 -38.8
90831.0 90831.1 -40.7
90830.0 90830.2 -42.5
90822.0 90828.7 -44.9
90848.0 90829.5 -40.5
90820.0 90828.0 -39.8
90805.0 90825.4 -40.5
90823.0 90824.5 -37.1
90835.0 90824.7 -32.2
90839.0 90825.4 -26.7
90785.0 90821.3 -36.8
90808.0 90819.4 -40.1
90850.0 90821.6 -31.2
90824.0 90821.2 -28.9
90832.0 90821.8 -23.5
90840.0 90823.2 -15.3
90823.0 90823.0 -13.1
90823.0 90822.7 -11.4
90812.0 90821.4 -14.3
90816.0 90820.6 -15.9
90846.0 90823.0 -7.7
90822.0 90822.8 -8.6
90824.0 90822.8 -8.0
90814.0 90821.7 -9.6
90814.0 90820.7 -10.3
90810.0 90819.3 -12.5
90825.0 90819.7 -9.4
90817.0 90819.3 -9.8
90827.0 90819.9 -7.5
90851.0 90823.1 1.0
90812.0 90821.9 -2.1
90794.0 90819.0 -9.2
90811.0 90818.0 -10.4
90813.0 90817.3 -10.5
90820.0 90817.4 -8.1
90809.0 90816.4 -8.5
90816.0 90816.2 -7.6
90821.0 90816.6 -6.2
90795.0 90814.4 -11.2
90821.0 90814.8 -10.3
90825.0 90815.6 -7.9
90814.0 90815.3 -7.4
90816.0 90815.2 -7.3
90809.0 90814.5 -7.4
90826.0 90815.4 -4.7
90821.0 90815.9 -3.7
90800.0 90814.4 -6.4
90821.0 90814.9 -4.8
90813.0 90814.6 -4.8
90818.0 90814.8 -3.7
90814.0 90814.7 -3.1
90804.0 90813.8 -4.3
90817.0 90814.0 -2.9
90820.0 90814.4 -1.2
90810.0 90814.0 -1.6
90826.0 90815.0 0.3
90824.0 90815.7 1.3
90834.0 90817.2 3.9
90821.0 90817.5 4.8
90824.0 90818.1 6.4
90824.0 90818.7 7.4
90807.0 90818.0 6.1
90833.0 90819.2 8.4
90825.0 90819.8 9.0
90831.0 90820.8 10.3
90808.0 90820.0 8.4
90818.0 90820.0 8.0
90833.0 90821.1 9.7
90818.0 90821.1 10.4
90828.0 90821.8 12.3
90830.0 90822.6 13.9
90831.0 90823.5 14.8
90806.0 90822.5 12.6
90808.0 90821.7 10.8
90803.0 90820.7 8.4
90817.0 90820.6 8.1
90822.0 90820.8 7.7
90806.0 90819.9 5.9
90832.0 90820.9 7.0
90806.0 90820.0 6.3
90806.0 90819.2 4.7
90817.0 90819.1 4.5
90836.0 90820.3 6.3
90841.0 90821.8 8.6
90796.0 90820.3 5.9
90836.0 90821.4 7.6
90824.0 90821.7 7.9
90810.0 90821.1 6.8
90820.0 90821.2 6.9
90819.0 90821.1 6.6
90816.0 90820.9 5.8
90835.0 90822.0 7.4
90816.0 90821.7 6.8
90805.0 90820.8 5.1
90820.0 90820.8 4.9
90809.0 90820.2 3.8
90825.0 90820.5 4.3
90794.0 90818.9 1.7
90809.0 90818.4 0.7
90840.0 90819.7 2.6
90799.0 90818.5 0.9
90789.0 90816.7 -1.8
90824.0 90817.1 -1.3
90831.0 90817.9 0.0
90851.0 90819.9 2.9
90830.0 90820.6 3.8
90832.0 90821.3 4.8
90830.0 90822.0 5.6
90832.0 90822.7 6.5
90821.0 90822.7 6.4
90813.0 90822.2 5.6
90803.0 90821.2 4.0
90836.0 90822.1 5.2
90845.0 90823.6 7.0
90826.0 90823.8 7.2
90808.0 90823.1 6.0
90829.0 90823.5 6.4
90851.0 90825.2 8.5
90828.0 90825.5 8.7
90792.0 90823.8 6.2
90846.0 90825.2 7.9
90810.0 90824.5 6.8
90827.0 90824.7 7.0
90812.0 90824.1 6.0
90820.0 90824.0 5.7
90834.0 90824.7 6.4
90823.0 90824.7 6.3
90827.0 90825.0 6.5
90810.0 90824.3 5.4
90827.0 90824.5 5.6
90843.0 90825.6 7.0
90826.0 90825.8 7.0
90836.0 90826.5 7.8
90839.0 90827.3 8.7
90825.0 90827.3 8.6
90831.0 90827.7 8.9
90836.0 90828.3 9.6
90821.0 90828.1 9.1
90804.0 90827.0 7.4
90807.0 90826.1 6.0
90847.0 90827.3 7.4
90814.0 90826.7 6.5
90815.0 90826.2 5.7
90815.0 90825.7 4.9
90816.0 90825.3 4.1
90800.0 90824.0 2.1
90821.0 90823.9 1.8
90834.0 90824.5 2.6
90811.0 90823.8 1.5
90812.0 90823.2 0.6
90832.0 90823.7 1.2
90845.0 90824.9 2.8
90803.0 90823.7 1.1
90831.0 90824.2 1.6
90825.0 90824.2 1.6
90820.0 90824.0 1.3
90807.0 90823.1 -0.1
90807.0 90822.3 -1.4
90821.0 90822.2 -1.6
90830.0 90822.6 -1.0
90839.0 90823.4 0.2
90793.0 90821.8 -2.3
90822.0 90821.7 -2.4
90822.0 90821.7 -2.4
90820.0 90821.6 -2.6
90805.0 90820.6 -4.1
90808.0 90819.8 -5.2
90824.0 90820.0 -5.0
90819.0 90819.8 -5.2
90833.0 90820.5 -4.2
90810.0 90819.8 -5.2
90821.0 90819.8 -5.2
90832.0 90820.4 -4.3
90830.0 90820.8 -3.6
90830.0 90821.2 -2.9
90822.0 90821.2 -3.0
90838.0 90822.1 -1.7
90836.0 90822.9 -0.6
90823.0 90822.9 -0.6
90834.0 90823.5 0.3
90837.0 90824.2 1.4
90824.0 90824.2 1.3
90830.0 90824.6 1.8
90843.0 90825.7 3.4
90838.0 90826.4 4.4
90818.0 90826.0 3.8
90825.0 90826.1 3.7
90820.0 90825.8 3.2
90828.0 90826.0 3.4
90860.0 90828.0 6.2
90845.0 90829.0 7.7
90830.0 90829.2 7.8
90827.0 90829.3 7.7
90809.0 90828.3 6.1
90819.0 90827.9 5.4
90827.0 90827.9 5.3
90831.0 90828.2 5.5
90847.0 90829.4 7.1
90842.0 90830.2 8.1
90839.0 90830.8 8.9
90819.0 90830.4 8.0
90826.0 90830.3 7.7
90829.0 90830.3 7.7
90808.0 90829.2 6.0
90812.0 90828.4 4.5
90824.0 90828.2 4.2
90831.0 90828.5 4.3
90821.0 90828.1 3.6
90810.0 90827.2 2.2
90805.0 90826.0 0.4
90832.0 90826.3 0.8
90833.0 90826.7 1.5
90840.0 90827.5 2.4
90823.0 90827.3 2.1
90818.0 90826.8 1.3
90809.0 90825.9 -0.1
90823.0 90825.7 -0.3
90812.0 90824.9 -1.4
90808.0 90824.0 -2.7
90833.0 90824.4 -2.1
90838.0 90825.1 -1.2
90824.0 90825.0 -1.3
90813.0 90824.4 -2.2
90823.0 90824.2 -2.4
90813.0 90823.6 -3.3
90863.0 90825.7 -0.4
90819.0 90825.3 -0.9
90832.0 90825.6 -0.5
90832.0 90826.0 -0.0
90821.0 90825.7 -0.5
90803.0 90824.5 -2.1
90809.0 90823.6 -3.3
90823.0 90823.5 -3.4
90812.0 90822.8 -4.3
90805.0 90821.8 -5.6
90829.0 90822.1 -5.2
90829.0 90822.4 -4.8
90838.0 90823.1 -3.7
90841.0 90824.0 -2.5
90813.0 90823.4 -3.4
90810.0 90822.6 -4.3
90825.0 90822.6 -4.2
90817.0 90822.2 -4.7
90821.0 90822.1 -4.9
90808.0 90821.3 -5.9
90827.0 90821.5 -5.6
90841.0 90822.4 -4.3
90855.0 90824.0 -2.0
90833.0 90824.5 -1.4
90832.0 90824.8 -0.9
90848.0 90826.0 0.8
90823.0 90825.9 0.6
90834.0 90826.3 1.1
90845.0 90827.3 2.4
90819.0 90826.9 1.9
90840.0 90827.7 2.8
90797.0 90826.1 0.6
90818.0 90825.7 -0.0
90820.0 90825.4 -0.4
90836.0 90825.9 0.3
90824.0 90825.9 0.2
90852.0 90827.2 2.0
90817.0 90826.7 1.3
90836.0 90827.2 2.0
90829.0 90827.4 2.1
90792.0 90825.5 -0.3
90807.0 90824.6 -1.6
90828.0 90824.7 -1.3
90838.0 90825.4 -0.4
90826.0 90825.4 -0.4
90823.0 90825.3 -0.6
90829.0 90825.5 -0.4
90831.0 90825.7 -0.1
90814.0 90825.1 -0.9
90817.0 90824.7 -1.5
90803.0 90823.5 -3.1
90827.0 90823.6 -2.9
90812.0 90823.0 -3.8
90818.0 90822.7 -4.2
90806.0 90821.7 -5.4
90806.0 90820.8 -6.6
90814.0 90820.3 -7.2
90825.0 90820.4 -6.9
90840.0 90821.3 -5.6
90823.0 90821.3 -5.6
90815.0 90820.9 -6.1
90812.0 90820.3 -6.8
90823.0 90820.3 -6.7
90843.0 90821.4 -5.1
90834.0 90821.9 -4.3
90823.0 90821.9 -4.3
90816.0 90821.5 -4.7
90836.0 90822.2 -3.8
90818.0 90821.9 -4.1
90837.0 90822.6 -3.1
90814.0 90822.1 -3.7
90800.0 90820.9 -5.4
90827.0 90821.1 -5.0
90828.0 90821.3 -4.6
90853.0 90822.9 -2.3
90812.0 90822.3 -3.1
90827.0 90822.5 -2.8
90819.0 90822.3 -3.1
90803.0 90821.2 -4.5
90827.0 90821.4 -4.1
90822.0 90821.4 -4.1
90826.0 90821.5 -3.8
90831.0 90822.0 -3.1
90809.0 90821.2 -4.1
90829.0 90821.6 -3.5
90835.0 90822.2 -2.6
90805.0 90821.2 -3.8
90830.0 90821.6 -3.3
90832.0 90822.1 -2.6
90827.0 90822.3 -2.2
90808.0 90821.5 -3.2
90829.0 90821.9 -2.7
90840.0 90822.8 -1.4
90823.0 90822.8 -1.4
90822.0 90822.7 -1.5
90785.0 90820.7 -4.2
90845.0 90821.9 -2.4
90821.0 90821.8 -2.5
90834.0 90822.4 -1.5
90830.0 90822.8 -0.9
90816.0 90822.4 -1.4
90802.0 90821.3 -2.8
90795.0 90819.8 -4.7
90806.0 90819.0 -5.7
90820.0 90818.9 -5.7
90815.0 90818.6 -6.0
90803.0 90817.7 -7.2
90799.0 90816.6 -8.6
90815.0 90816.3 -8.8
90837.0 90817.2 -7.4
90840.0 90818.3 -5.8
90803.0 90817.4 -6.9
90832.0 90818.0 -5.9
90816.0 90817.8 -6.1
90826.0 90818.1 -5.6
90823.0 90818.3 -5.3
90808.0 90817.6 -6.0
90805.0 90816.9 -7.0
90820.0 90816.9 -6.8
90797.0 90815.7 -8.3
90816.0 90815.6 -8.3
90836.0 90816.5 -6.9
90831.0 90817.1 -5.9
90832.0 90817.8 -4.9
90822.0 90817.9 -4.6
90818.0 90817.9 -4.8
90805.0 90817.1 -5.6
90833.0 90817.8 -4.4
90823.0 90818.0 -4.1
90816.0 90817.8 -4.3
90822.0 90818.0 -4.1
90812.0 90817.6 -4.4
90816.0 90817.4 -4.5
90837.0 90818.3 -3.1
90825.0 90818.6 -2.7
90774.0 90816.2 -5.9
90821.0 90816.4 -5.5
90813.0 90816.1 -5.6
90808.0 90815.6 -6.2
90801.0 90814.7 -7.5
90821.0 90814.9 -7.0
90809.0 90814.4 -7.4
90805.0 90813.8 -8.1
90818.0 90813.9 -7.8
90843.0 90815.2 -5.7
