-6.398107
-6.367133
-5.878559
-5.752601
-5.583671
-4.840800
-6.735222
-7.223521
-6.367272
-6.681236
-6.333251
-5.355341
-6.625934
-7.772006
-5.726069
-5.447428
-4.913819
-4.906272
-5.648287
-4.318488
-7.239527
-4.914056
-6.800756
-3.830957
-4.725563
-4.860375
-5.956965
-6.954750
-8.743000
-7.649470
-5.476171
-7.502469
-4.323649
-6.515362
-7.245626
-5.630880
-6.606310
-5.599742
-6.096082
-5.246565
-7.010119
-5.173575
-5.194219
-6.991050
-6.197380
-5.833535
-4.978470
-5.594434
-5.901278
-6.393629
-7.960380
-5.930694
-5.527752
-6.570858
-4.339539
-5.553219
-6.285383
-7.319257
-5.425740
-6.071649
-6.087017
-7.923593
-6.492694
-6.253613
-6.219981
-6.020402
-5.576402
-5.517515
-4.355926
-4.908395
-5.694541
-3.787371
-5.549376
-6.442238
-7.560287
-5.058151
-5.695345
-6.968904
-5.989423
-5.674379
-5.379043
-6.579193
-5.797192
-7.970613
-8.907238
-4.111365
-6.896519
-3.900676
-7.571501
-5.312841
-3.577192
-7.286681
-7.479668
-4.374840
-4.728498
-5.713889
-5.854582
-4.891449
-5.650950
-4.372771
-5.766876
-4.865595
-5.312063
-4.141101
-6.928821
-4.464145
-5.294063
-5.361993
-5.718482
-6.352749
-5.632218
-6.077146
-6.195304
-5.646964
-5.787655
-6.130830
-6.302110
-3.691299
-3.017840
-4.569349
-5.804734
-4.322605
-4.567655
-4.733102
-5.793017
-6.005448
-6.339988
-6.139906
-4.286481
-5.426614
-6.590050
-4.457910
-4.040285
-5.448576
-4.130869
-4.930807
-5.651860
-5.229491
-6.022832
-7.779774
-5.781676
-4.468260
-5.605347
-6.005529
-4.152877
-6.836381
-4.851657
-5.728800
-4.475981
-4.931200
-4.643300
-5.011937
-6.823849
-5.131898
-4.584012
-5.378010
-5.352778
-6.355023
-6.666382
-7.811788
-6.962661
-2.616253
-5.500287
-5.550458
-5.402874
-5.421658
-4.293461
-6.325966
-5.294612
-5.969825
-5.785051
-8.630280
-6.843474
-6.852056
-5.415955
-6.559536
-4.113966
-4.586758
-6.447154
-7.681169
-5.836432
-6.367813
-5.775134
-3.242137
-4.995804
-6.829814
-6.984824
-5.381173
-6.297379
-6.717021
-4.641117
-4.855027
-7.133964
-7.885159
-6.471195
-3.833723
-6.100947
-3.861308
-8.060532
-6.219947
-5.388641
-5.178857
-5.033935
-5.940131
-6.776159
-4.518917
-5.521173
-5.207960
-4.345973
-5.774783
-5.280498
-7.627112
-5.097927
-5.989826
-6.256166
-5.028914
-6.755247
-6.733743
-6.481271
-7.353551
-5.414106
-5.074638
-6.511260
-6.122195
-5.273822
-7.556670
-6.580078
-6.035802
-5.319243
-8.423952
-7.388434
-6.604792
-6.899325
-3.726355
-8.821292
-3.873454
-4.881236
-7.732760
-6.396050
-5.076037
-5.076527
-5.552452
-5.844312
-2.751154
-5.618126
-5.543613
-6.750539
-6.201249
-6.870434
-5.903513
-6.255743
-5.931541
-6.548332
-3.682243
-4.814209
-6.335267
-5.807543
-6.497777
-5.688392
-7.216026
-5.623823
-5.059089
-6.255821
-6.287890
-5.971372
-4.011645
-6.000758
-6.342978
-3.605371
-5.368311
-5.461889
-6.309714
-4.686133
-4.193836
-4.884734
-5.405998
-4.897137
-4.520700
-5.739173
-5.247726
-4.348982
-6.208859
-4.802984
-5.397866
-5.385934
-6.387138
-6.246594
-3.772520
-6.967410
-4.086224
-4.312267
-2.772253
-3.656904
-5.170815
-6.409059
-5.570514
-3.877197
-5.723552
-5.652128
-4.091521
-4.968884
-5.230437
-4.763918
-5.900578
-5.819175
-8.060811
-6.203085
-7.314771
-6.631234
-7.373385
-7.728202
-6.402841
-7.582756
-5.345241
-5.805200
-6.369561
-4.143330
-6.435857
-5.480252
-5.612467
-6.660491
-6.170731
-5.198391
-5.592985
-6.065000
-5.473587
-6.105812
-6.763638
-6.859737
-4.962266
-5.238015
-4.637482
-5.197114
-6.853477
-7.048384
-4.924223
-7.357471
-5.548463
-3.829258
-5.466493
-7.715248
-6.069767
-6.609345
-6.975180
-5.828254
-5.569387
-5.186783
-5.224563
-4.578277
-5.931056
-5.231038
-6.308743
-7.318174
-5.777509
-5.671452
-4.538502
-7.859802
-4.982102
-6.845853
-7.243050
-4.870540
-6.574811
-5.105878
-6.316396
-6.359635
-4.331730
-6.440289
-4.867184
-6.823862
-3.831034
-5.599294
-5.744037
-7.791096
-6.592562
-5.479789
-6.070302
-5.204722
-4.889574
-5.981687
-6.594700
-6.835191
-4.996539
-5.188589
-5.160261
-6.265168
-6.477542
-5.116859
-6.954756
-3.972773
-4.964002
-6.121084
-6.584516
-5.524924
-4.802358
-4.014636
-5.933886
-5.339464
-6.018465
-6.565758
-5.811769
-4.861336
-5.684594
-6.625497
-5.542162
-4.669621
-5.866305
-7.216043
-5.736123
-6.654078
-7.072397
-3.991794
-3.916031
-7.232817
-4.346889
-7.555717
-7.005148
-5.873363
-6.825849
-3.749175
-6.466351
-7.093867
-4.273067
-6.524348
-6.352080
-5.526050
-6.680437
-5.891521
-5.872425
-3.377181
-5.486458
-6.682649
-6.362685
-6.168514
-5.669116
-6.539638
-4.671467
-5.971634
-5.455839
-5.224757
-5.725219
-6.506049
-7.089480
-5.828642
-5.813641
-6.198202
-5.110084
-8.432803
-4.716168
-7.023781
-4.890872
-6.453817
-5.756423
-7.315633
-6.428880
-4.107187
-5.124806
-5.395205
-4.023559
-4.689284
-6.512867
-4.611476
-6.340848
-3.810433
-5.531159
-5.453544
-6.349941
-5.957270
-6.223893
-5.192166
-3.412519
-6.049193
-4.920599
-7.576717
-7.136353
-6.189316
-4.706174
-5.037473
-4.783952
-4.753818
-5.633483
-4.913041
-5.216022
-3.803969
-4.314768
-6.256467
-6.680833
-3.867358
-5.033792
-4.911571
-5.469293
-5.071345
-6.503286
-6.424281
-4.623955
-6.670759
-4.376437
-7.410140
-5.929435
-5.719972
-6.480469
-4.954900
-7.320879
-4.895489
-4.692742
-6.391398
-6.027654
-5.272534
-3.982210
-5.104568
-6.204382
-5.775047
-5.218425
