90867.132812 90898.140625
90868.531250 90885.460938
90869.531250 90876.218750
90870.468750 90867.765625
90870.468750 90867.765625
90866.000000 90908.437500
90870.960938 90863.281250
90866.054688 90907.906250
90868.476562 90885.992188
90870.882812 90864.070312
90865.000000 90917.414062
90873.734375 90838.187500
90870.304688 90869.351562
90871.742188 90856.148438
90869.750000 90874.367188
90869.695312 90874.898438
90868.257812 90887.835938
90872.679688 90847.695312
90866.414062 90904.476562
90870.742188 90865.390625
90870.742188 90865.390625
90874.101562 90834.757812
90866.773438 90901.304688
90869.625000 90875.421875
90869.203125 90879.390625
90871.125000 90861.695312
90871.125000 90861.695312
90868.757812 90883.351562
90870.070312 90871.460938
90869.625000 90875.421875
90870.070312 90871.460938
90867.710938 90892.859375
90872.007812 90853.773438
90869.078125 90880.445312
90869.132812 90879.914062
90866.718750 90901.835938
90867.085938 90898.398438
90867.953125 90890.742188
90867.085938 90898.398438
90869.078125 90880.445312
90864.546875 90921.640625
90867.953125 90890.742188
90861.617188 90948.312500
90868.523438 90885.460938
90869.023438 90880.968750
90871.437500 90859.054688
90871.382812 90859.578125
90868.523438 90885.460938
90866.414062 90904.476562
90868.953125 90881.500000
90869.890625 90873.046875
90866.960938 90899.718750
90867.523438 90894.437500
90869.390625 90877.539062
90869.890625 90873.046875
90867.898438 90891.273438
90867.898438 90891.273438
90863.429688 90931.679688
90865.914062 90909.226562
90872.281250 90851.390625
90861.000000 90953.859375
90870.312500 90869.085938
90865.914062 90909.226562
90863.921875 90927.187500
90873.273438 90842.414062
90870.812500 90864.601562
90868.296875 90887.570312
90870.382812 90868.562500
90866.906250 90900.250000
90871.726562 90856.414062
90871.726562 90856.414062
90871.382812 90859.578125
90865.914062 90909.226562
90865.843750 90909.757812
90868.390625 90886.515625
90868.320312 90887.312500
90866.906250 90900.250000
90871.234375 90860.898438
90868.804688 90882.820312
90865.812500 90910.023438
90870.671875 90865.921875
90869.101562 90880.179688
90864.218750 90924.546875
90871.179688 90861.164062
90864.218750 90924.546875
90867.750000 90892.593750
90866.812500 90901.039062
90868.695312 90883.875000
90865.703125 90911.078125
90869.687500 90874.898438
90867.750000 90892.593750
90867.695312 90892.859375
90870.054688 90871.460938
90869.687500 90874.898438
90869.687500 90874.898438
90866.617188 90902.890625
90868.062500 90889.687500
90868.242188 90888.101562
90868.609375 90884.671875
90870.585938 90866.710938
90868.695312 90883.875000
90869.554688 90875.953125
90870.093750 90871.203125
90868.101562 90889.156250
90865.203125 90915.570312
90868.609375 90884.671875
90866.617188 90902.890625
90868.570312 90884.929688
90867.070312 90898.664062
90867.695312 90892.859375
90866.117188 90907.382812
90867.570312 90894.179688
90868.101562 90889.156250
90870.992188 90863.015625
90864.125000 90925.335938
90866.578125 90903.156250
90870.992188 90863.015625
90868.609375 90884.671875
90864.585938 90921.117188
90867.515625 90894.703125
90869.929688 90872.781250
90872.046875 90853.507812
90867.570312 90894.179688
90867.515625 90894.703125
90862.046875 90944.351562
90866.945312 90899.718750
90870.921875 90863.539062
90864.085938 90925.867188
90863.085938 90934.843750
90868.937500 90881.765625
90866.945312 90899.718750
90865.953125 90908.703125
90864.460938 90922.437500
90867.937500 90890.742188
90865.078125 90916.890625
90867.445312 90895.234375
90866.945312 90899.718750
90869.804688 90873.843750
90865.953125 90908.703125
90870.421875 90868.296875
90867.445312 90895.234375
90866.453125 90904.210938
90868.250000 90887.835938
90867.070312 90898.664062
90867.445312 90895.234375
90868.437500 90886.250000
90869.250000 90878.859375
90865.453125 90913.453125
90863.468750 90931.414062
90866.945312 90899.718750
90869.929688 90872.781250
90866.820312 90901.039062
90866.820312 90901.039062
90867.812500 90891.796875
90863.085938 90934.843750
90864.953125 90917.945312
90862.046875 90944.351562
90863.539062 90930.625000
90865.453125 90913.453125
90866.945312 90899.718750
90866.453125 90904.210938
90863.085938 90934.843750
90866.765625 90901.304688
90865.734375 90910.812500
90871.742188 90856.148438
90864.335938 90923.492188
90864.953125 90917.945312
90865.953125 90908.703125
90865.828125 90910.023438
90867.812500 90891.796875
90865.828125 90910.023438
90863.343750 90932.468750
90868.812500 90882.820312
90868.210938 90888.367188
90866.453125 90904.210938
90864.828125 90919.000000
90861.968750 90944.882812
90864.828125 90919.000000
90868.250000 90887.835938
90864.828125 90919.000000
90861.476562 90949.375000
90869.710938 90874.632812
90863.960938 90926.921875
90866.328125 90905.531250
90864.335938 90923.492188
90865.273438 90915.039062
90866.765625 90901.304688
90866.226562 90906.328125
90867.257812 90897.078125
90863.343750 90932.468750
90868.718750 90883.609375
90869.250000 90878.859375
90864.773438 90919.531250
90867.718750 90892.859375
90863.343750 90932.468750
90865.234375 90915.304688
90864.335938 90923.492188
90872.687500 90847.695312
90867.718750 90892.859375
90866.265625 90906.062500
90870.242188 90869.882812
90867.218750 90897.343750
90865.273438 90915.039062
90863.781250 90928.507812
90870.742188 90865.390625
90865.234375 90915.304688
90866.726562 90901.835938
90866.156250 90906.851562
90868.140625 90888.898438
90868.210938 90888.367188
90867.257812 90897.078125
90869.140625 90879.914062
90864.171875 90925.078125
90863.289062 90933.000000
90868.757812 90883.351562
90863.742188 90929.039062
90865.656250 90911.609375
90867.648438 90893.382812
90862.742188 90938.015625
90869.140625 90879.914062
90866.656250 90902.367188
90864.242188 90924.281250
90866.726562 90901.835938
90865.234375 90915.304688
90868.648438 90884.406250
90866.156250 90906.851562
90868.140625 90888.898438
90863.171875 90934.054688
90865.734375 90910.812500
90868.210938 90888.367188
90867.078125 90898.664062
90865.734375 90910.812500
90868.578125 90884.929688
90867.718750 90892.859375
90867.718750 90892.859375
90863.171875 90934.054688
90865.765625 90910.546875
90864.242188 90924.281250
90863.742188 90929.039062
90861.351562 90950.695312
90865.734375 90910.812500
90864.335938 90923.492188
90866.226562 90906.328125
90864.281250 90924.015625
90864.734375 90919.796875
90868.070312 90889.687500
90864.101562 90925.601562
90868.070312 90889.687500
90863.171875 90934.054688
90870.062500 90871.460938
90866.585938 90903.156250
90865.085938 90916.625000
90864.242188 90924.281250
90868.070312 90889.687500
90864.171875 90925.078125
90865.585938 90912.132812
90865.585938 90912.132812
90867.578125 90894.179688
90866.085938 90907.648438
90866.031250 90908.171875
90864.593750 90921.117188
90863.109375 90934.585938
90867.578125 90894.179688
90868.523438 90885.460938
90867.078125 90898.664062
90868.070312 90889.687500
90865.156250 90916.093750
90864.539062 90921.640625
90872.382812 90850.335938
90864.593750 90921.117188
90865.585938 90912.132812
90868.578125 90884.929688
90866.585938 90903.156250
90864.046875 90926.132812
90862.109375 90943.828125
90864.101562 90925.601562
90865.031250 90917.156250
90865.585938 90912.132812
90868.523438 90885.460938
90866.531250 90903.687500
90866.492188 90903.945312
90869.570312 90875.953125
90865.031250 90917.156250
90865.492188 90912.929688
90866.031250 90908.171875
90866.031250 90908.171875
90867.523438 90894.437500
90866.031250 90908.171875
90863.109375 90934.585938
90864.593750 90921.117188
90864.593750 90921.117188
90862.671875 90938.546875
90868.523438 90885.460938
90863.601562 90930.093750
90864.046875 90926.132812
90864.539062 90921.640625
90861.609375 90948.312500
90863.546875 90930.625000
90865.492188 90912.929688
90865.992188 90908.437500
90866.085938 90907.648438
90861.609375 90948.312500
90866.859375 90900.515625
90861.023438 90953.601562
90866.585938 90903.156250
90865.585938 90912.132812
90866.085938 90907.648438
90866.031250 90908.171875
90866.031250 90908.171875
90865.992188 90908.437500
90863.546875 90930.625000
90865.921875 90909.226562
90865.085938 90916.625000
90865.992188 90908.437500
90865.992188 90908.437500
90864.000000 90926.656250
90862.109375 90943.828125
90864.000000 90926.656250
90867.148438 90897.875000
90863.109375 90934.585938
90863.109375 90934.585938
90861.117188 90952.804688
90863.109375 90934.585938
90861.554688 90948.843750
90864.992188 90917.679688
90868.351562 90887.046875
90867.414062 90895.500000
90866.984375 90899.460938
90866.492188 90903.945312
90864.921875 90918.210938
90866.492188 90903.945312
90866.859375 90900.515625
90862.507812 90940.125000
90868.414062 90886.515625
90868.851562 90882.554688
90861.515625 90949.109375
90865.367188 90914.250000
90865.031250 90917.156250
90863.929688 90927.187500
90864.921875 90918.210938
90863.507812 90931.148438
90863.929688 90927.187500
90866.421875 90904.476562
90862.437500 90940.656250
90861.515625 90949.109375
90865.992188 90908.437500
90862.601562 90939.335938
90865.867188 90909.492188
90862.437500 90940.656250
90865.367188 90914.250000
90870.335938 90869.085938
90868.851562 90882.554688
90863.507812 90931.148438
90861.515625 90949.109375
90866.492188 90903.945312
90866.421875 90904.476562
90866.421875 90904.476562
90863.437500 90931.679688
90865.867188 90909.492188
90864.500000 90921.906250
90864.539062 90921.640625
90862.007812 90944.617188
90862.382812 90941.187500
90865.867188 90909.492188
90863.437500 90931.679688
90867.906250 90891.007812
90864.000000 90926.656250
90865.421875 90913.718750
90866.859375 90900.515625
90864.000000 90926.656250
90868.296875 90887.570312
90864.867188 90918.734375
90865.312500 90914.507812
90863.929688 90927.187500
90861.445312 90949.898438
90865.367188 90914.250000
90867.757812 90892.328125
90865.367188 90914.250000
90865.367188 90914.250000
90862.382812 90941.187500
90861.023438 90953.601562
90863.382812 90932.203125
90864.812500 90919.265625
90867.796875 90892.062500
90866.359375 90905.007812
90865.867188 90909.492188
90867.851562 90891.539062
90865.492188 90912.929688
90864.867188 90918.734375
90866.859375 90900.515625
90866.359375 90905.007812
90865.367188 90914.250000
90867.757812 90892.328125
90867.351562 90896.023438
90860.953125 90954.390625
90862.382812 90941.187500
90862.382812 90941.187500
90863.875000 90927.718750
90866.859375 90900.515625
90863.507812 90931.148438
90861.390625 90950.164062
90862.007812 90944.617188
90863.000000 90935.640625
90863.546875 90930.625000
90865.367188 90914.250000
90863.437500 90931.679688
90868.757812 90883.351562
90865.312500 90914.507812
90862.875000 90936.695312
90863.820312 90928.242188
90864.320312 90923.757812
90864.375000 90923.226562
90863.382812 90932.203125
90867.757812 90892.328125
90861.789062 90946.734375
90862.437500 90940.656250
90863.875000 90927.718750
90869.750000 90874.367188
90865.265625 90915.039062
90866.304688 90905.531250
90863.875000 90927.718750
90865.312500 90914.507812
90865.312500 90914.507812
90864.273438 90924.015625
90866.265625 90906.062500
90865.421875 90913.718750
90864.867188 90918.734375
90868.250000 90887.835938
90866.179688 90906.851562
90862.382812 90941.187500
90863.382812 90932.203125
90864.273438 90924.015625
90864.320312 90923.757812
90866.359375 90905.007812
90865.265625 90915.039062
90863.820312 90928.242188
90865.265625 90915.039062
90864.187500 90924.812500
90866.265625 90906.062500
90861.789062 90946.734375
90863.328125 90932.734375
90864.273438 90924.015625
90863.382812 90932.203125
90865.773438 90910.289062
90866.265625 90906.062500
90865.773438 90910.289062
90863.781250 90928.507812
90866.265625 90906.062500
90866.625000 90902.625000
90863.382812 90932.203125
90865.265625 90915.039062
90863.281250 90933.000000
90863.695312 90929.304688
90867.617188 90893.648438
90867.296875 90896.554688
90864.773438 90919.531250
90864.320312 90923.757812
90861.882812 90945.937500
90862.289062 90941.976562
90861.210938 90952.015625
90863.328125 90932.734375
90865.265625 90915.039062
90868.757812 90883.351562
90863.781250 90928.507812
90866.125000 90907.117188
90860.210938 90960.992188
90866.265625 90906.062500
90862.695312 90938.281250
90862.195312 90943.031250
90868.617188 90884.671875
90865.265625 90915.039062
90861.789062 90946.734375
90865.179688 90915.835938
90864.773438 90919.531250
90867.171875 90897.609375
90861.789062 90946.734375
90861.789062 90946.734375
90863.140625 90934.320312
90860.953125 90954.390625
90861.789062 90946.734375
90863.281250 90933.000000
90858.460938 90976.835938
90863.328125 90932.734375
90865.812500 90910.023438
90864.773438 90919.531250
90864.773438 90919.531250
90867.671875 90893.117188
90863.781250 90928.507812
90862.289062 90941.976562
90865.179688 90915.835938
90863.781250 90928.507812
90868.617188 90884.671875
90866.125000 90907.117188
90866.625000 90902.625000
90867.117188 90898.140625
90861.789062 90946.734375
90868.109375 90889.156250
90865.179688 90915.835938
90866.625000 90902.625000
90861.296875 90951.218750
90865.515625 90912.664062
90862.781250 90937.750000
90864.187500 90924.812500
90866.125000 90907.117188
90865.179688 90915.835938
90866.679688 90902.101562
90865.593750 90912.132812
90863.195312 90933.789062
90863.531250 90930.882812
90864.687500 90920.320312
90862.640625 90938.804688
90864.187500 90924.812500
